0	0	0	0	0	0	0	0	0.0625	0	0.0625	0.0625	0	0.0625	0.0625	0.0625	0	0	0	0	0	0	0	0	0	0.0625	0	0	0	0	0	0	0	0	0	0.0625	0	0	0	0	0	0	0	0	0	0.0625	0	0	0	0	0	0	0	0	0	0.0625	0	0	0	0	0	0	0	0	0	0.0625	0	0	0	0	0	0	0	0	0	0.0625	0	0	0	0	0	0	0	0	0	0.0625	0	0	0	0	0	0	0	0	0	0.0625	0	0	0	0	0	0	0	0	0	0.0625	0	0	0	0	0	0	0	0	0	0.0625	0	0	0	0	0	0	0	0	0	0	0	0	0	0
0	0	0	0	0.25	0	0	0	0.25	0	0	0	0	0.25	0.25	0	0	0	0	0	0	0	0	0	0	0	0	0	0	0	0	0	0	0	0	0	0	0	0	0	0	0	0	0	0	0	0	0	0	0	0	0	0	0	0	0	0	0	0	0	0	0	0	0	0	0	0	0	0	0	0	0	0	0	0	0	0	0	0	0	0	0	0	0	0	0	0	0	0	0	0	0	0	0	0	0	0	0	0	0	0	0	0	0	0	0	0	0	0	0	0	0	0	0	0	0	0	0	0	0	0	0	0	0	0	0	0	0	0	0
0.0666666666666667	0.0666666666666667	0	0	0	0.0666666666666667	0	0	0.0666666666666667	0.0666666666666667	0	0	0	0	0	0.0666666666666667	0	0	0	0	0	0	0	0	0	0.0666666666666667	0	0	0	0	0	0	0	0	0	0.0666666666666667	0	0	0	0	0	0	0	0	0	0.0666666666666667	0	0	0	0	0	0	0	0	0	0.0666666666666667	0	0	0	0	0	0	0	0	0	0.0666666666666667	0	0	0	0	0	0	0	0	0	0.0666666666666667	0	0	0	0	0	0	0	0	0	0.0666666666666667	0	0	0	0	0	0	0	0	0	0.0666666666666667	0	0	0	0	0	0	0	0	0	0.0666666666666667	0	0	0	0	0	0	0	0	0	0	0	0	0	0	0	0	0	0	0	0	0	0	0	0
0.166666666666667	0	0.166666666666667	0	0.166666666666667	0	0	0	0	0.166666666666667	0	0.166666666666667	0	0	0.166666666666667	0	0	0	0	0	0	0	0	0	0	0	0	0	0	0	0	0	0	0	0	0	0	0	0	0	0	0	0	0	0	0	0	0	0	0	0	0	0	0	0	0	0	0	0	0	0	0	0	0	0	0	0	0	0	0	0	0	0	0	0	0	0	0	0	0	0	0	0	0	0	0	0	0	0	0	0	0	0	0	0	0	0	0	0	0	0	0	0	0	0	0	0	0	0	0	0	0	0	0	0	0	0	0	0	0	0	0	0	0	0	0	0	0	0	0
0.0666666666666667	0.0666666666666667	0	0.0666666666666667	0.0666666666666667	0	0	0	0	0	0	0	0	0	0.0666666666666667	0.0666666666666667	0	0	0	0	0	0	0	0	0	0.0666666666666667	0	0	0	0	0	0	0	0	0	0.0666666666666667	0	0	0	0	0	0	0	0	0	0.0666666666666667	0	0	0	0	0	0	0	0	0	0.0666666666666667	0	0	0	0	0	0	0	0	0	0.0666666666666667	0	0	0	0	0	0	0	0	0	0.0666666666666667	0	0	0	0	0	0	0	0	0	0.0666666666666667	0	0	0	0	0	0	0	0	0	0.0666666666666667	0	0	0	0	0	0	0	0	0	0.0666666666666667	0	0	0	0	0	0	0	0	0	0	0	0	0	0	0	0	0	0	0	0	0	0	0	0
0.5	0	0	0	0	0	0.5	0	0	0	0	0	0	0	0	0	0	0	0	0	0	0	0	0	0	0	0	0	0	0	0	0	0	0	0	0	0	0	0	0	0	0	0	0	0	0	0	0	0	0	0	0	0	0	0	0	0	0	0	0	0	0	0	0	0	0	0	0	0	0	0	0	0	0	0	0	0	0	0	0	0	0	0	0	0	0	0	0	0	0	0	0	0	0	0	0	0	0	0	0	0	0	0	0	0	0	0	0	0	0	0	0	0	0	0	0	0	0	0	0	0	0	0	0	0	0	0	0	0	0
0	0.0714285714285714	0	0	0.0714285714285714	0	0	0	0	0	0	0	0.0714285714285714	0.0714285714285714	0	0.0714285714285714	0	0	0	0	0	0	0	0	0	0.0714285714285714	0	0	0	0	0	0	0	0	0	0.0714285714285714	0	0	0	0	0	0	0	0	0	0.0714285714285714	0	0	0	0	0	0	0	0	0	0.0714285714285714	0	0	0	0	0	0	0	0	0	0.0714285714285714	0	0	0	0	0	0	0	0	0	0.0714285714285714	0	0	0	0	0	0	0	0	0	0.0714285714285714	0	0	0	0	0	0	0	0	0	0.0714285714285714	0	0	0	0	0	0	0	0	0	0.0714285714285714	0	0	0	0	0	0	0	0	0	0	0	0	0	0	0	0	0	0	0	0	0	0	0	0
0.2	0.2	0	0	0	0	0.2	0	0	0	0.2	0.2	0	0	0	0	0	0	0	0	0	0	0	0	0	0	0	0	0	0	0	0	0	0	0	0	0	0	0	0	0	0	0	0	0	0	0	0	0	0	0	0	0	0	0	0	0	0	0	0	0	0	0	0	0	0	0	0	0	0	0	0	0	0	0	0	0	0	0	0	0	0	0	0	0	0	0	0	0	0	0	0	0	0	0	0	0	0	0	0	0	0	0	0	0	0	0	0	0	0	0	0	0	0	0	0	0	0	0	0	0	0	0	0	0	0	0	0	0	0
0	0.0769230769230769	0.0769230769230769	0	0.0769230769230769	0	0	0	0	0	0	0	0	0	0	0.0769230769230769	0	0	0	0	0	0	0	0	0	0.0769230769230769	0	0	0	0	0	0	0	0	0	0.0769230769230769	0	0	0	0	0	0	0	0	0	0.0769230769230769	0	0	0	0	0	0	0	0	0	0.0769230769230769	0	0	0	0	0	0	0	0	0	0.0769230769230769	0	0	0	0	0	0	0	0	0	0.0769230769230769	0	0	0	0	0	0	0	0	0	0.0769230769230769	0	0	0	0	0	0	0	0	0	0.0769230769230769	0	0	0	0	0	0	0	0	0	0.0769230769230769	0	0	0	0	0	0	0	0	0	0	0	0	0	0	0	0	0	0	0	0	0	0	0	0
0	0	0.166666666666667	0	0.166666666666667	0.166666666666667	0	0	0	0	0.166666666666667	0	0.166666666666667	0	0.166666666666667	0	0	0	0	0	0	0	0	0	0	0	0	0	0	0	0	0	0	0	0	0	0	0	0	0	0	0	0	0	0	0	0	0	0	0	0	0	0	0	0	0	0	0	0	0	0	0	0	0	0	0	0	0	0	0	0	0	0	0	0	0	0	0	0	0	0	0	0	0	0	0	0	0	0	0	0	0	0	0	0	0	0	0	0	0	0	0	0	0	0	0	0	0	0	0	0	0	0	0	0	0	0	0	0	0	0	0	0	0	0	0	0	0	0	0
0	0	0	0.0625	0	0	0.0625	0.0625	0	0.0625	0.0625	0	0	0	0.0625	0.0625	0	0	0	0	0	0	0	0	0	0.0625	0	0	0	0	0	0	0	0	0	0.0625	0	0	0	0	0	0	0	0	0	0.0625	0	0	0	0	0	0	0	0	0	0.0625	0	0	0	0	0	0	0	0	0	0.0625	0	0	0	0	0	0	0	0	0	0.0625	0	0	0	0	0	0	0	0	0	0.0625	0	0	0	0	0	0	0	0	0	0.0625	0	0	0	0	0	0	0	0	0	0.0625	0	0	0	0	0	0	0	0	0	0	0	0	0	0	0	0	0	0	0	0	0	0	0	0
0	0	0	0.142857142857143	0	0	0.142857142857143	0.142857142857143	0	0.142857142857143	0.142857142857143	0.142857142857143	0	0.142857142857143	0	0	0	0	0	0	0	0	0	0	0	0	0	0	0	0	0	0	0	0	0	0	0	0	0	0	0	0	0	0	0	0	0	0	0	0	0	0	0	0	0	0	0	0	0	0	0	0	0	0	0	0	0	0	0	0	0	0	0	0	0	0	0	0	0	0	0	0	0	0	0	0	0	0	0	0	0	0	0	0	0	0	0	0	0	0	0	0	0	0	0	0	0	0	0	0	0	0	0	0	0	0	0	0	0	0	0	0	0	0	0	0	0	0	0	0
0	0	0	0	0.0714285714285714	0.0714285714285714	0	0	0.0714285714285714	0	0	0	0	0	0.0714285714285714	0.0714285714285714	0	0	0	0	0	0	0	0	0	0.0714285714285714	0	0	0	0	0	0	0	0	0	0.0714285714285714	0	0	0	0	0	0	0	0	0	0.0714285714285714	0	0	0	0	0	0	0	0	0	0.0714285714285714	0	0	0	0	0	0	0	0	0	0.0714285714285714	0	0	0	0	0	0	0	0	0	0.0714285714285714	0	0	0	0	0	0	0	0	0	0.0714285714285714	0	0	0	0	0	0	0	0	0	0.0714285714285714	0	0	0	0	0	0	0	0	0	0.0714285714285714	0	0	0	0	0	0	0	0	0	0	0	0	0	0	0	0	0	0	0	0	0	0	0	0
0	0	0	0	0	0.5	0	0	0	0.5	0	0	0	0	0	0	0	0	0	0	0	0	0	0	0	0	0	0	0	0	0	0	0	0	0	0	0	0	0	0	0	0	0	0	0	0	0	0	0	0	0	0	0	0	0	0	0	0	0	0	0	0	0	0	0	0	0	0	0	0	0	0	0	0	0	0	0	0	0	0	0	0	0	0	0	0	0	0	0	0	0	0	0	0	0	0	0	0	0	0	0	0	0	0	0	0	0	0	0	0	0	0	0	0	0	0	0	0	0	0	0	0	0	0	0	0	0	0	0	0
0	0	0.0714285714285714	0	0	0	0	0	0	0.0714285714285714	0	0.0714285714285714	0.0714285714285714	0	0	0.0714285714285714	0	0	0	0	0	0	0	0	0	0.0714285714285714	0	0	0	0	0	0	0	0	0	0.0714285714285714	0	0	0	0	0	0	0	0	0	0.0714285714285714	0	0	0	0	0	0	0	0	0	0.0714285714285714	0	0	0	0	0	0	0	0	0	0.0714285714285714	0	0	0	0	0	0	0	0	0	0.0714285714285714	0	0	0	0	0	0	0	0	0	0.0714285714285714	0	0	0	0	0	0	0	0	0	0.0714285714285714	0	0	0	0	0	0	0	0	0	0.0714285714285714	0	0	0	0	0	0	0	0	0	0	0	0	0	0	0	0	0	0	0	0	0	0	0	0
0	0	0	0	0	0	0	0	0	0	0	0	0	0	0	0.032258064516129	0	0	0.032258064516129	0	0.032258064516129	0	0	0.032258064516129	0.032258064516129	0	0	0.032258064516129	0	0	0.032258064516129	0.032258064516129	0.032258064516129	0	0	0	0	0.032258064516129	0	0	0	0	0	0	0	0.032258064516129	0.032258064516129	0	0	0	0	0.032258064516129	0	0	0	0	0	0.032258064516129	0	0	0	0	0	0	0	0	0.032258064516129	0.032258064516129	0	0	0	0.032258064516129	0	0	0	0	0	0	0.032258064516129	0	0	0.032258064516129	0	0	0	0	0	0	0.032258064516129	0.032258064516129	0	0.032258064516129	0	0.032258064516129	0	0	0.032258064516129	0	0.032258064516129	0.032258064516129	0	0.032258064516129	0	0	0	0	0.032258064516129	0	0	0.032258064516129	0.032258064516129	0	0	0	0.032258064516129	0	0	0	0	0	0	0	0	0	0	0	0	0	0	0
0	0	0	0	0	0	0	0	0	0	0	0	0	0	0	0.04	0.04	0	0	0	0	0	0.04	0	0	0	0	0	0	0	0.04	0.04	0	0	0	0	0	0.04	0	0	0	0.04	0.04	0.04	0	0	0	0.04	0	0	0.04	0	0	0	0	0	0	0	0	0	0	0	0	0	0	0	0.04	0	0	0	0	0	0	0	0	0	0	0	0	0	0.04	0.04	0	0.04	0.04	0	0	0.04	0	0	0	0	0	0	0	0	0.04	0	0	0.04	0	0.04	0.04	0	0.04	0	0	0.04	0.04	0	0	0	0	0.04	0	0	0	0	0	0	0	0	0	0	0	0	0	0	0	0
0	0	0	0	0	0	0	0	0	0	0	0	0	0	0	0.0294117647058823	0.0294117647058823	0.0294117647058823	0	0	0.0294117647058823	0.0294117647058823	0.0294117647058823	0	0	0	0	0	0	0	0	0.0294117647058823	0	0	0	0.0294117647058823	0	0	0	0.0294117647058823	0	0.0294117647058823	0	0.0294117647058823	0.0294117647058823	0	0.0294117647058823	0	0.0294117647058823	0	0.0294117647058823	0	0	0	0.0294117647058823	0	0	0	0	0.0294117647058823	0	0	0	0	0	0	0	0.0294117647058823	0	0.0294117647058823	0.0294117647058823	0	0.0294117647058823	0.0294117647058823	0	0.0294117647058823	0	0	0	0	0.0294117647058823	0	0	0	0	0.0294117647058823	0	0	0	0	0	0	0.0294117647058823	0.0294117647058823	0	0	0	0	0.0294117647058823	0	0	0	0	0.0294117647058823	0	0	0.0294117647058823	0.0294117647058823	0	0.0294117647058823	0	0.0294117647058823	0	0	0.0294117647058823	0	0	0	0	0	0	0	0	0	0	0	0	0	0	0
0	0	0	0	0	0	0	0	0	0	0	0	0	0	0	0	0	0	0	0	0	0	0	0	0.0333333333333333	0.0333333333333333	0.0333333333333333	0	0	0.0333333333333333	0.0333333333333333	0.0333333333333333	0	0	0.0333333333333333	0	0	0.0333333333333333	0	0	0	0.0333333333333333	0	0.0333333333333333	0	0	0	0	0	0	0	0.0333333333333333	0	0.0333333333333333	0.0333333333333333	0.0333333333333333	0	0.0333333333333333	0	0.0333333333333333	0	0	0	0	0.0333333333333333	0.0333333333333333	0	0	0	0	0	0.0333333333333333	0	0	0.0333333333333333	0	0	0	0	0.0333333333333333	0	0	0	0	0	0.0333333333333333	0	0	0.0333333333333333	0.0333333333333333	0	0	0	0.0333333333333333	0	0.0333333333333333	0	0	0	0	0	0.0333333333333333	0	0	0	0	0	0	0.0333333333333333	0	0.0333333333333333	0	0.0333333333333333	0	0	0	0	0	0	0	0	0	0	0	0	0	0	0	0	0
0	0	0	0	0	0	0	0	0	0	0	0	0	0	0	0.0333333333333333	0.0333333333333333	0	0	0.0333333333333333	0	0	0	0.0333333333333333	0	0	0.0333333333333333	0	0	0	0	0	0	0	0	0.0333333333333333	0	0	0.0333333333333333	0	0	0	0.0333333333333333	0	0	0.0333333333333333	0.0333333333333333	0.0333333333333333	0	0	0	0	0.0333333333333333	0	0	0	0.0333333333333333	0	0	0	0	0.0333333333333333	0.0333333333333333	0.0333333333333333	0.0333333333333333	0	0	0.0333333333333333	0	0.0333333333333333	0	0	0	0	0	0	0	0	0.0333333333333333	0.0333333333333333	0	0	0	0	0.0333333333333333	0	0	0	0	0	0.0333333333333333	0	0	0	0	0	0.0333333333333333	0	0.0333333333333333	0	0	0	0	0.0333333333333333	0	0	0	0	0	0.0333333333333333	0.0333333333333333	0	0.0333333333333333	0.0333333333333333	0	0	0	0	0	0	0	0	0	0	0	0	0	0	0	0
0	0	0	0	0	0	0	0	0	0	0	0	0	0	0	0.0476190476190476	0.0476190476190476	0	0.0476190476190476	0	0	0	0	0	0	0	0	0	0	0	0	0	0	0.0476190476190476	0.0476190476190476	0	0	0	0	0	0	0	0	0	0	0	0	0	0	0	0	0	0	0	0	0	0	0	0	0	0	0	0.0476190476190476	0.0476190476190476	0	0	0	0.0476190476190476	0	0	0	0	0	0.0476190476190476	0.0476190476190476	0	0	0	0	0	0	0	0.0476190476190476	0.0476190476190476	0	0	0	0.0476190476190476	0	0.0476190476190476	0.0476190476190476	0.0476190476190476	0	0	0	0	0.0476190476190476	0	0	0	0	0	0	0.0476190476190476	0	0	0	0.0476190476190476	0	0.0476190476190476	0.0476190476190476	0	0	0	0	0	0	0	0	0	0	0	0	0	0	0	0	0	0	0
0	0	0	0	0	0	0	0	0	0	0	0	0	0	0	0	0.0357142857142857	0.0357142857142857	0	0	0	0.0357142857142857	0	0.0357142857142857	0	0.0357142857142857	0	0.0357142857142857	0	0	0	0	0.0357142857142857	0	0	0.0357142857142857	0	0.0357142857142857	0.0357142857142857	0	0.0357142857142857	0	0	0.0357142857142857	0	0	0	0	0.0357142857142857	0.0357142857142857	0.0357142857142857	0.0357142857142857	0	0	0	0	0	0	0	0.0357142857142857	0	0	0	0.0357142857142857	0	0	0	0	0	0	0	0	0.0357142857142857	0	0	0	0	0	0.0357142857142857	0	0	0	0	0.0357142857142857	0	0	0.0357142857142857	0.0357142857142857	0	0	0.0357142857142857	0	0.0357142857142857	0	0	0	0	0	0.0357142857142857	0	0	0	0	0	0.0357142857142857	0	0	0	0	0	0	0	0	0	0.0357142857142857	0	0	0	0	0	0	0	0	0	0	0	0	0	0	0
0	0	0	0	0	0	0	0	0	0	0	0	0	0	0	0	0.0344827586206897	0	0.0344827586206897	0	0	0.0344827586206897	0	0	0	0	0	0.0344827586206897	0.0344827586206897	0	0.0344827586206897	0	0	0	0	0	0.0344827586206897	0	0.0344827586206897	0	0	0.0344827586206897	0	0.0344827586206897	0	0	0	0.0344827586206897	0	0	0	0	0	0.0344827586206897	0	0	0	0	0.0344827586206897	0	0	0	0.0344827586206897	0.0344827586206897	0.0344827586206897	0.0344827586206897	0.0344827586206897	0	0.0344827586206897	0	0	0	0	0	0	0	0	0	0.0344827586206897	0	0	0	0	0	0	0	0	0.0344827586206897	0.0344827586206897	0	0.0344827586206897	0.0344827586206897	0	0	0	0.0344827586206897	0	0	0	0.0344827586206897	0	0.0344827586206897	0	0.0344827586206897	0	0	0	0	0.0344827586206897	0	0	0	0	0	0	0	0	0	0	0	0	0	0	0	0	0	0	0	0	0
0	0	0	0	0	0	0	0	0	0	0	0	0	0	0	0.0303030303030303	0.0303030303030303	0	0	0	0	0	0.0303030303030303	0.0303030303030303	0.0303030303030303	0	0	0.0303030303030303	0	0	0.0303030303030303	0	0	0	0	0	0	0	0	0.0303030303030303	0	0	0.0303030303030303	0	0	0	0.0303030303030303	0	0.0303030303030303	0	0	0	0	0	0	0.0303030303030303	0	0	0	0.0303030303030303	0	0	0.0303030303030303	0	0	0	0.0303030303030303	0	0.0303030303030303	0.0303030303030303	0.0303030303030303	0	0	0	0.0303030303030303	0.0303030303030303	0.0303030303030303	0	0	0	0	0	0.0303030303030303	0	0.0303030303030303	0	0	0.0303030303030303	0	0	0	0.0303030303030303	0.0303030303030303	0	0	0	0	0	0	0	0	0	0	0.0303030303030303	0.0303030303030303	0	0	0.0303030303030303	0.0303030303030303	0	0	0.0303030303030303	0.0303030303030303	0	0.0303030303030303	0	0	0	0	0	0	0	0	0	0	0	0	0	0	0
0	0	0	0	0	0	0	0	0	0	0	0	0	0	0	0	0	0	0.027027027027027	0.027027027027027	0.027027027027027	0.027027027027027	0.027027027027027	0	0.027027027027027	0.027027027027027	0	0.027027027027027	0.027027027027027	0	0.027027027027027	0	0	0.027027027027027	0	0	0	0.027027027027027	0	0	0.027027027027027	0.027027027027027	0	0	0	0	0.027027027027027	0.027027027027027	0.027027027027027	0	0	0.027027027027027	0	0	0	0	0	0	0	0	0	0	0	0	0	0.027027027027027	0	0	0	0.027027027027027	0.027027027027027	0.027027027027027	0	0	0	0	0	0	0.027027027027027	0	0	0.027027027027027	0.027027027027027	0.027027027027027	0.027027027027027	0	0	0.027027027027027	0.027027027027027	0	0	0.027027027027027	0.027027027027027	0	0	0	0.027027027027027	0	0	0	0	0	0	0	0.027027027027027	0	0.027027027027027	0.027027027027027	0	0	0	0.027027027027027	0	0	0.027027027027027	0	0	0	0	0	0	0	0	0	0	0	0	0	0	0
0	0	0	0	0	0	0	0	0	0	0	0	0	0	0	0	0	0	0.024390243902439	0	0	0	0	0.024390243902439	0	0	0.024390243902439	0.024390243902439	0.024390243902439	0.024390243902439	0	0.024390243902439	0	0.024390243902439	0.024390243902439	0	0	0	0.024390243902439	0.024390243902439	0	0	0.024390243902439	0	0.024390243902439	0.024390243902439	0	0	0	0.024390243902439	0.024390243902439	0	0	0	0	0.024390243902439	0	0.024390243902439	0	0.024390243902439	0	0	0	0.024390243902439	0	0	0.024390243902439	0	0.024390243902439	0	0.024390243902439	0	0	0	0	0	0.024390243902439	0	0	0	0.024390243902439	0.024390243902439	0	0	0.024390243902439	0.024390243902439	0.024390243902439	0.024390243902439	0.024390243902439	0	0	0.024390243902439	0.024390243902439	0	0.024390243902439	0.024390243902439	0	0	0	0	0	0	0	0	0	0	0.024390243902439	0.024390243902439	0.024390243902439	0.024390243902439	0	0	0.024390243902439	0	0.024390243902439	0	0	0	0	0	0	0	0	0	0	0	0	0	0	0
0	0	0	0	0	0	0	0	0	0	0	0	0	0	0	0	0	0	0.032258064516129	0.032258064516129	0	0.032258064516129	0	0	0	0	0	0.032258064516129	0	0	0	0.032258064516129	0.032258064516129	0	0	0	0	0	0	0	0	0.032258064516129	0	0	0	0	0	0.032258064516129	0	0	0	0	0.032258064516129	0	0	0.032258064516129	0.032258064516129	0.032258064516129	0.032258064516129	0	0	0.032258064516129	0	0	0.032258064516129	0.032258064516129	0.032258064516129	0.032258064516129	0	0	0	0.032258064516129	0.032258064516129	0	0	0	0	0.032258064516129	0.032258064516129	0.032258064516129	0.032258064516129	0	0	0	0	0	0.032258064516129	0	0	0.032258064516129	0	0	0	0	0	0	0	0	0	0.032258064516129	0	0	0.032258064516129	0	0.032258064516129	0	0.032258064516129	0	0	0.032258064516129	0	0	0	0	0	0	0	0	0	0	0	0	0	0	0	0	0	0	0	0
0	0	0	0	0	0	0	0	0	0	0	0	0	0	0	0.03125	0	0	0	0.03125	0	0	0	0	0.03125	0.03125	0	0	0.03125	0	0	0	0	0	0	0.03125	0.03125	0	0.03125	0.03125	0	0	0	0	0.03125	0	0	0.03125	0	0	0	0.03125	0	0	0	0	0	0	0	0.03125	0	0	0.03125	0	0.03125	0	0	0.03125	0.03125	0	0	0	0	0	0.03125	0	0.03125	0	0.03125	0	0	0.03125	0	0	0	0.03125	0.03125	0	0	0	0.03125	0	0.03125	0	0.03125	0	0.03125	0	0.03125	0	0.03125	0	0.03125	0.03125	0	0	0	0	0	0.03125	0	0	0	0	0	0	0	0	0	0	0	0	0	0	0	0	0	0	0	0
0	0	0	0	0	0	0	0	0	0	0	0	0	0	0	0	0	0	0	0.0263157894736842	0	0	0.0263157894736842	0	0.0263157894736842	0	0.0263157894736842	0.0263157894736842	0.0263157894736842	0	0	0	0	0	0.0263157894736842	0	0	0.0263157894736842	0.0263157894736842	0	0	0	0.0263157894736842	0.0263157894736842	0	0	0	0	0	0	0	0	0	0.0263157894736842	0.0263157894736842	0	0	0	0.0263157894736842	0	0.0263157894736842	0.0263157894736842	0	0	0	0.0263157894736842	0	0	0	0.0263157894736842	0	0.0263157894736842	0	0	0.0263157894736842	0.0263157894736842	0	0	0	0	0.0263157894736842	0.0263157894736842	0	0	0.0263157894736842	0.0263157894736842	0	0	0.0263157894736842	0.0263157894736842	0	0	0	0.0263157894736842	0.0263157894736842	0.0263157894736842	0.0263157894736842	0	0	0.0263157894736842	0	0	0	0	0	0	0.0263157894736842	0	0	0.0263157894736842	0.0263157894736842	0.0263157894736842	0.0263157894736842	0.0263157894736842	0	0	0	0	0	0	0	0	0	0	0	0	0	0	0	0
0	0	0	0	0	0	0	0	0	0	0	0	0	0	0	0	0	0	0	0	0	0.0333333333333333	0	0	0	0.0333333333333333	0	0.0333333333333333	0.0333333333333333	0.0333333333333333	0	0	0	0	0	0.0333333333333333	0	0	0	0	0.0333333333333333	0	0	0	0	0	0.0333333333333333	0	0	0.0333333333333333	0	0	0	0	0	0	0	0.0333333333333333	0	0	0.0333333333333333	0	0	0.0333333333333333	0	0.0333333333333333	0	0	0	0	0	0.0333333333333333	0	0	0	0.0333333333333333	0	0.0333333333333333	0	0	0	0	0	0.0333333333333333	0	0	0	0.0333333333333333	0	0	0.0333333333333333	0	0	0	0.0333333333333333	0	0.0333333333333333	0.0333333333333333	0	0.0333333333333333	0.0333333333333333	0	0	0	0	0	0.0333333333333333	0.0333333333333333	0.0333333333333333	0.0333333333333333	0	0	0	0.0333333333333333	0.0333333333333333	0	0	0	0	0	0	0	0	0	0	0	0	0	0	0
0	0	0	0	0	0	0	0	0	0	0	0	0	0	0	0	0	0	0.0384615384615385	0	0	0	0	0	0.0384615384615385	0	0.0384615384615385	0	0	0	0	0	0	0	0	0	0.0384615384615385	0.0384615384615385	0	0.0384615384615385	0.0384615384615385	0	0	0.0384615384615385	0	0	0.0384615384615385	0.0384615384615385	0	0	0	0.0384615384615385	0	0	0	0.0384615384615385	0.0384615384615385	0.0384615384615385	0	0.0384615384615385	0	0.0384615384615385	0.0384615384615385	0.0384615384615385	0	0	0	0	0	0	0	0.0384615384615385	0	0	0.0384615384615385	0.0384615384615385	0	0.0384615384615385	0.0384615384615385	0	0	0	0.0384615384615385	0.0384615384615385	0	0	0	0.0384615384615385	0	0	0	0	0	0	0	0	0	0	0	0	0	0	0	0	0	0	0	0	0	0	0	0	0	0	0	0	0	0	0	0	0	0	0	0	0	0	0	0	0	0
0	0	0	0	0	0	0	0	0	0	0	0	0	0	0	0.0256410256410256	0	0	0	0.0256410256410256	0.0256410256410256	0	0	0.0256410256410256	0.0256410256410256	0.0256410256410256	0	0	0.0256410256410256	0.0256410256410256	0	0	0	0	0.0256410256410256	0	0	0.0256410256410256	0	0.0256410256410256	0.0256410256410256	0.0256410256410256	0	0	0	0	0.0256410256410256	0	0	0	0.0256410256410256	0.0256410256410256	0.0256410256410256	0	0	0	0	0.0256410256410256	0.0256410256410256	0.0256410256410256	0	0.0256410256410256	0	0	0.0256410256410256	0	0	0.0256410256410256	0	0.0256410256410256	0.0256410256410256	0	0	0.0256410256410256	0.0256410256410256	0	0.0256410256410256	0	0	0	0	0	0	0	0	0	0.0256410256410256	0.0256410256410256	0.0256410256410256	0	0	0	0.0256410256410256	0	0.0256410256410256	0.0256410256410256	0.0256410256410256	0	0	0.0256410256410256	0.0256410256410256	0	0	0	0	0	0	0	0	0	0	0.0256410256410256	0	0	0.0256410256410256	0	0	0	0	0	0	0	0	0	0	0	0	0	0	0
0	0	0	0	0	0	0	0	0	0	0	0	0	0	0	0	0	0	0	0	0	0	0	0.05	0.05	0	0	0	0	0	0	0	0	0	0	0	0	0	0	0	0.05	0.05	0	0	0	0	0.05	0	0	0	0	0	0.05	0.05	0	0	0	0	0	0	0.05	0.05	0	0	0.05	0	0.05	0.05	0	0	0	0	0.05	0	0	0	0	0	0.05	0.05	0	0	0	0	0	0	0	0.05	0	0	0	0	0	0.05	0.05	0	0	0	0	0	0	0	0	0	0	0.05	0	0	0	0	0	0	0.05	0	0	0	0	0	0	0	0	0	0	0	0	0	0	0	0	0
0	0	0	0	0	0	0	0	0	0	0	0	0	0	0	0.05	0	0	0	0	0	0	0	0.05	0.05	0	0	0	0	0	0.05	0	0	0.05	0	0	0	0.05	0	0	0	0	0	0	0	0	0	0	0	0.05	0	0.05	0	0	0	0	0.05	0	0	0.05	0	0	0	0	0	0.05	0	0	0	0	0.05	0	0	0	0	0	0	0	0	0	0	0	0	0	0.05	0	0	0	0	0.05	0	0	0	0	0	0.05	0.05	0	0	0.05	0	0	0	0.05	0	0	0	0	0	0	0.05	0	0	0	0.05	0	0	0	0	0	0	0	0	0	0	0	0	0	0	0
0	0	0	0	0	0	0	0	0	0	0	0	0	0	0	0	0	0	0.03125	0	0	0	0.03125	0.03125	0	0	0	0	0.03125	0	0.03125	0	0	0	0	0	0.03125	0.03125	0.03125	0	0	0	0	0	0.03125	0	0.03125	0	0	0	0.03125	0	0.03125	0	0	0	0.03125	0	0	0.03125	0.03125	0	0.03125	0	0.03125	0	0	0.03125	0.03125	0	0	0	0.03125	0	0	0	0	0	0	0	0.03125	0	0.03125	0	0	0.03125	0	0	0	0.03125	0	0	0.03125	0	0.03125	0	0	0.03125	0	0	0	0	0.03125	0	0.03125	0	0	0.03125	0	0	0	0	0.03125	0.03125	0	0	0	0	0	0	0	0	0	0	0	0	0	0	0	0
0	0	0	0	0	0	0	0	0	0	0	0	0	0	0	0	0	0	0	0	0	0	0	0	0	0	0.0357142857142857	0	0.0357142857142857	0	0	0	0	0	0	0	0	0.0357142857142857	0	0	0.0357142857142857	0	0.0357142857142857	0	0	0	0	0	0	0	0.0357142857142857	0	0	0	0	0	0.0357142857142857	0	0	0.0357142857142857	0.0357142857142857	0.0357142857142857	0.0357142857142857	0	0.0357142857142857	0	0	0	0	0.0357142857142857	0.0357142857142857	0	0.0357142857142857	0	0	0.0357142857142857	0.0357142857142857	0.0357142857142857	0	0.0357142857142857	0	0	0	0	0.0357142857142857	0.0357142857142857	0.0357142857142857	0	0	0	0	0	0	0	0	0	0.0357142857142857	0.0357142857142857	0.0357142857142857	0	0	0.0357142857142857	0.0357142857142857	0	0	0	0	0	0	0	0	0.0357142857142857	0	0	0	0	0	0	0	0	0	0	0	0	0	0	0	0	0	0
0	0	0	0	0	0	0	0	0	0	0	0	0	0	0	0	0	0	0.0333333333333333	0.0333333333333333	0	0	0	0	0.0333333333333333	0	0	0	0	0	0.0333333333333333	0.0333333333333333	0	0.0333333333333333	0	0.0333333333333333	0	0	0	0	0	0	0.0333333333333333	0	0.0333333333333333	0	0	0	0	0	0	0	0	0	0	0	0	0.0333333333333333	0	0	0.0333333333333333	0	0	0	0.0333333333333333	0	0	0	0	0.0333333333333333	0	0.0333333333333333	0	0	0.0333333333333333	0	0.0333333333333333	0	0.0333333333333333	0	0.0333333333333333	0	0	0	0.0333333333333333	0	0	0.0333333333333333	0	0	0.0333333333333333	0	0.0333333333333333	0	0.0333333333333333	0	0	0.0333333333333333	0.0333333333333333	0	0.0333333333333333	0.0333333333333333	0	0	0.0333333333333333	0.0333333333333333	0	0	0	0	0.0333333333333333	0	0	0	0	0	0	0	0	0	0	0	0	0	0	0	0	0	0	0
0	0	0	0	0	0	0	0	0	0	0	0	0	0	0	0	0	0	0.0294117647058823	0	0.0294117647058823	0	0	0	0	0.0294117647058823	0	0	0	0	0	0.0294117647058823	0	0.0294117647058823	0	0	0	0	0	0	0	0.0294117647058823	0	0	0	0	0.0294117647058823	0	0.0294117647058823	0.0294117647058823	0	0	0	0	0	0	0	0	0	0	0	0.0294117647058823	0	0	0	0	0	0	0.0294117647058823	0	0.0294117647058823	0	0	0	0	0	0.0294117647058823	0	0	0.0294117647058823	0	0.0294117647058823	0.0294117647058823	0	0	0.0294117647058823	0.0294117647058823	0	0.0294117647058823	0.0294117647058823	0.0294117647058823	0	0	0.0294117647058823	0	0	0.0294117647058823	0.0294117647058823	0	0.0294117647058823	0.0294117647058823	0.0294117647058823	0.0294117647058823	0.0294117647058823	0	0	0.0294117647058823	0	0	0.0294117647058823	0	0	0.0294117647058823	0.0294117647058823	0.0294117647058823	0	0	0	0	0	0	0	0	0	0	0	0	0	0	0
0	0	0	0	0	0	0	0	0	0	0	0	0	0	0	0.037037037037037	0.037037037037037	0	0.037037037037037	0	0	0	0	0	0	0	0.037037037037037	0	0	0	0.037037037037037	0	0	0	0	0	0	0	0	0	0	0.037037037037037	0.037037037037037	0	0.037037037037037	0.037037037037037	0	0.037037037037037	0.037037037037037	0	0	0.037037037037037	0.037037037037037	0.037037037037037	0	0	0.037037037037037	0	0	0.037037037037037	0	0	0	0	0	0	0	0	0.037037037037037	0.037037037037037	0	0	0	0	0	0	0	0	0.037037037037037	0	0	0.037037037037037	0	0	0	0	0.037037037037037	0	0.037037037037037	0	0	0	0.037037037037037	0.037037037037037	0	0	0	0.037037037037037	0	0	0	0	0	0	0	0.037037037037037	0	0	0	0	0	0.037037037037037	0	0	0	0	0	0	0	0	0	0	0	0	0	0	0	0	0	0
0	0	0	0	0	0	0	0	0	0	0	0	0	0	0	0	0.0476190476190476	0.0476190476190476	0.0476190476190476	0	0	0	0	0	0	0	0	0	0	0.0476190476190476	0.0476190476190476	0.0476190476190476	0.0476190476190476	0.0476190476190476	0	0	0.0476190476190476	0	0.0476190476190476	0	0	0	0	0.0476190476190476	0	0	0.0476190476190476	0	0	0	0	0	0	0	0	0.0476190476190476	0.0476190476190476	0.0476190476190476	0	0	0	0.0476190476190476	0	0	0	0	0	0.0476190476190476	0	0	0.0476190476190476	0	0	0	0	0	0	0	0	0.0476190476190476	0	0.0476190476190476	0	0	0	0	0	0	0	0	0	0	0	0	0	0	0	0	0	0	0	0	0	0	0	0	0	0	0.0476190476190476	0	0	0	0	0	0	0	0	0	0	0	0	0	0	0	0	0	0	0	0	0
0	0	0	0	0	0	0	0	0	0	0	0	0	0	0	0	0	0	0	0	0.0384615384615385	0.0384615384615385	0	0	0	0	0.0384615384615385	0.0384615384615385	0.0384615384615385	0.0384615384615385	0.0384615384615385	0	0	0	0	0.0384615384615385	0.0384615384615385	0.0384615384615385	0	0	0	0	0	0	0	0	0	0	0	0	0	0	0.0384615384615385	0	0	0	0	0	0	0.0384615384615385	0	0	0	0	0.0384615384615385	0.0384615384615385	0	0	0	0	0.0384615384615385	0	0	0.0384615384615385	0.0384615384615385	0.0384615384615385	0	0	0	0	0.0384615384615385	0.0384615384615385	0	0	0.0384615384615385	0	0	0	0	0	0.0384615384615385	0	0	0	0	0	0	0	0	0.0384615384615385	0	0	0	0	0	0	0	0	0.0384615384615385	0	0	0	0.0384615384615385	0	0.0384615384615385	0	0	0	0	0	0	0	0	0	0	0	0	0	0	0
0	0	0	0	0	0	0	0	0	0	0	0	0	0	0	0	0	0	0	0.037037037037037	0.037037037037037	0	0	0	0	0	0	0	0	0	0.037037037037037	0	0.037037037037037	0	0	0.037037037037037	0	0.037037037037037	0	0	0	0.037037037037037	0	0	0	0	0	0.037037037037037	0.037037037037037	0	0	0	0	0	0	0	0	0	0	0.037037037037037	0.037037037037037	0	0	0	0	0	0	0	0	0	0	0.037037037037037	0.037037037037037	0	0	0.037037037037037	0	0.037037037037037	0	0	0.037037037037037	0	0	0	0	0.037037037037037	0	0	0.037037037037037	0	0	0	0	0	0	0	0	0.037037037037037	0.037037037037037	0.037037037037037	0	0.037037037037037	0.037037037037037	0.037037037037037	0	0.037037037037037	0	0.037037037037037	0	0	0	0.037037037037037	0	0	0	0	0	0	0	0	0	0	0	0	0	0	0	0	0	0
0	0	0	0	0	0	0	0	0	0	0	0	0	0	0	0.0384615384615385	0	0	0	0	0	0	0	0.0384615384615385	0.0384615384615385	0	0	0	0	0	0	0.0384615384615385	0	0	0	0	0	0	0.0384615384615385	0	0	0	0	0	0	0	0.0384615384615385	0	0.0384615384615385	0	0.0384615384615385	0	0	0	0	0	0	0	0	0.0384615384615385	0.0384615384615385	0	0.0384615384615385	0.0384615384615385	0	0	0.0384615384615385	0	0.0384615384615385	0	0	0.0384615384615385	0	0	0	0	0.0384615384615385	0	0	0	0	0	0	0	0	0	0	0	0	0	0	0.0384615384615385	0	0	0.0384615384615385	0.0384615384615385	0	0	0	0	0	0	0.0384615384615385	0	0	0	0.0384615384615385	0.0384615384615385	0	0.0384615384615385	0	0.0384615384615385	0.0384615384615385	0	0.0384615384615385	0	0	0	0	0	0	0	0	0	0	0	0	0	0	0
0	0	0	0	0	0	0	0	0	0	0	0	0	0	0	0	0.0344827586206897	0	0	0.0344827586206897	0.0344827586206897	0.0344827586206897	0	0	0	0	0.0344827586206897	0	0	0	0	0	0	0	0	0.0344827586206897	0	0	0.0344827586206897	0	0	0	0.0344827586206897	0	0	0.0344827586206897	0.0344827586206897	0	0	0	0.0344827586206897	0	0.0344827586206897	0	0	0.0344827586206897	0.0344827586206897	0	0.0344827586206897	0	0	0	0	0	0	0	0	0	0	0.0344827586206897	0.0344827586206897	0	0	0	0.0344827586206897	0	0.0344827586206897	0	0.0344827586206897	0	0	0	0	0	0	0.0344827586206897	0	0.0344827586206897	0	0.0344827586206897	0	0	0.0344827586206897	0.0344827586206897	0	0	0	0	0	0.0344827586206897	0	0	0.0344827586206897	0	0	0	0	0	0	0.0344827586206897	0	0	0	0	0.0344827586206897	0	0	0	0	0	0	0	0	0	0	0	0	0	0	0
0	0	0	0	0	0	0	0	0	0	0	0	0	0	0	0.03125	0	0	0	0	0.03125	0.03125	0.03125	0.03125	0	0	0	0	0	0.03125	0	0	0	0	0.03125	0	0	0.03125	0	0	0.03125	0.03125	0	0	0	0.03125	0.03125	0.03125	0	0	0.03125	0	0.03125	0	0.03125	0.03125	0.03125	0.03125	0	0	0	0	0	0.03125	0	0.03125	0.03125	0	0.03125	0	0	0	0	0	0	0	0.03125	0	0.03125	0	0	0	0	0	0	0.03125	0	0	0.03125	0	0	0	0	0	0	0	0	0	0	0	0	0.03125	0.03125	0	0	0	0	0	0	0	0.03125	0	0.03125	0	0.03125	0	0	0	0	0	0	0	0	0	0	0	0	0	0	0
0	0	0	0	0	0	0	0	0	0	0	0	0	0	0	0	0	0	0	0	0	0.037037037037037	0.037037037037037	0	0.037037037037037	0	0.037037037037037	0.037037037037037	0	0	0.037037037037037	0	0	0	0	0	0.037037037037037	0	0	0	0	0.037037037037037	0.037037037037037	0	0.037037037037037	0	0.037037037037037	0	0.037037037037037	0.037037037037037	0	0	0.037037037037037	0	0	0	0	0	0.037037037037037	0	0	0.037037037037037	0	0	0	0	0	0	0	0	0	0	0	0	0	0	0	0.037037037037037	0	0.037037037037037	0	0	0.037037037037037	0.037037037037037	0.037037037037037	0	0	0.037037037037037	0	0	0.037037037037037	0	0	0	0.037037037037037	0.037037037037037	0	0	0	0	0	0	0	0	0	0	0.037037037037037	0	0	0	0	0	0	0	0.037037037037037	0	0	0	0	0	0	0	0	0	0	0	0	0	0	0
0	0	0	0	0	0	0	0	0	0	0	0	0	0	0	0.027027027027027	0	0.027027027027027	0	0.027027027027027	0	0.027027027027027	0	0	0.027027027027027	0.027027027027027	0.027027027027027	0	0	0.027027027027027	0	0	0.027027027027027	0	0	0	0.027027027027027	0	0	0	0	0	0	0	0	0	0	0	0.027027027027027	0	0	0	0.027027027027027	0	0	0	0.027027027027027	0	0	0.027027027027027	0	0	0	0.027027027027027	0.027027027027027	0	0.027027027027027	0.027027027027027	0	0.027027027027027	0.027027027027027	0	0.027027027027027	0.027027027027027	0.027027027027027	0	0	0	0.027027027027027	0.027027027027027	0.027027027027027	0	0	0	0.027027027027027	0	0	0.027027027027027	0.027027027027027	0	0	0	0	0	0	0	0	0.027027027027027	0	0.027027027027027	0	0	0.027027027027027	0.027027027027027	0.027027027027027	0	0.027027027027027	0	0	0.027027027027027	0	0	0	0	0.027027027027027	0	0	0	0	0	0	0	0	0	0	0	0	0	0	0
0	0	0	0	0	0	0	0	0	0	0	0	0	0	0	0.0384615384615385	0	0	0	0	0	0	0.0384615384615385	0.0384615384615385	0	0	0	0	0.0384615384615385	0	0	0	0.0384615384615385	0	0	0	0	0	0.0384615384615385	0	0	0	0.0384615384615385	0.0384615384615385	0.0384615384615385	0	0	0	0.0384615384615385	0.0384615384615385	0	0	0	0	0	0	0.0384615384615385	0	0	0	0.0384615384615385	0	0	0	0	0	0	0	0	0	0.0384615384615385	0	0	0	0	0	0	0	0	0	0	0	0.0384615384615385	0	0	0	0	0.0384615384615385	0	0	0	0.0384615384615385	0	0	0	0	0	0	0.0384615384615385	0	0.0384615384615385	0	0.0384615384615385	0.0384615384615385	0	0.0384615384615385	0.0384615384615385	0.0384615384615385	0	0	0	0	0.0384615384615385	0	0.0384615384615385	0	0	0	0	0	0	0	0	0	0	0	0	0	0	0
0	0	0	0	0	0	0	0	0	0	0	0	0	0	0	0.0303030303030303	0.0303030303030303	0	0.0303030303030303	0	0.0303030303030303	0	0.0303030303030303	0	0	0.0303030303030303	0	0	0	0	0	0.0303030303030303	0.0303030303030303	0	0	0	0.0303030303030303	0.0303030303030303	0	0.0303030303030303	0	0.0303030303030303	0	0.0303030303030303	0	0.0303030303030303	0	0	0	0	0	0.0303030303030303	0	0	0.0303030303030303	0.0303030303030303	0	0	0	0.0303030303030303	0	0	0.0303030303030303	0.0303030303030303	0	0	0	0.0303030303030303	0	0.0303030303030303	0	0.0303030303030303	0.0303030303030303	0	0	0	0	0.0303030303030303	0.0303030303030303	0.0303030303030303	0	0	0	0	0	0	0.0303030303030303	0	0	0	0	0	0.0303030303030303	0.0303030303030303	0	0	0	0	0	0	0	0	0.0303030303030303	0	0.0303030303030303	0	0	0	0	0	0	0	0	0.0303030303030303	0	0	0	0	0	0	0	0	0	0	0	0	0	0	0	0
0	0	0	0	0	0	0	0	0	0	0	0	0	0	0	0.03125	0.03125	0	0	0	0.03125	0	0	0.03125	0.03125	0	0	0	0	0	0	0	0.03125	0.03125	0	0.03125	0	0.03125	0	0	0	0	0	0	0	0	0	0	0	0	0	0	0.03125	0	0.03125	0	0.03125	0	0	0	0.03125	0	0	0	0	0.03125	0.03125	0.03125	0.03125	0.03125	0	0.03125	0	0.03125	0.03125	0	0	0	0	0	0	0	0	0	0	0	0	0	0	0	0.03125	0	0	0	0	0.03125	0.03125	0.03125	0	0	0	0.03125	0.03125	0.03125	0.03125	0	0	0.03125	0	0.03125	0.03125	0	0	0	0	0	0	0	0	0	0	0	0	0	0	0	0	0	0	0
0	0	0	0	0	0	0	0	0	0	0	0	0	0	0	0	0.037037037037037	0	0.037037037037037	0.037037037037037	0.037037037037037	0	0	0	0.037037037037037	0	0	0	0	0	0.037037037037037	0	0	0.037037037037037	0	0	0.037037037037037	0	0	0	0.037037037037037	0	0	0	0	0.037037037037037	0	0	0.037037037037037	0	0	0.037037037037037	0	0	0	0	0	0	0	0	0.037037037037037	0	0	0	0	0	0	0	0.037037037037037	0	0	0.037037037037037	0.037037037037037	0.037037037037037	0	0	0	0	0	0.037037037037037	0	0	0	0	0	0	0.037037037037037	0.037037037037037	0	0	0	0.037037037037037	0	0	0.037037037037037	0	0	0	0	0.037037037037037	0.037037037037037	0.037037037037037	0	0.037037037037037	0.037037037037037	0	0	0	0	0	0	0	0	0	0	0	0	0	0	0	0	0	0	0	0	0	0	0	0	0
0	0	0	0	0	0	0	0	0	0	0	0	0	0	0	0	0	0.0303030303030303	0.0303030303030303	0	0	0	0.0303030303030303	0	0	0.0303030303030303	0.0303030303030303	0	0.0303030303030303	0	0.0303030303030303	0	0	0	0.0303030303030303	0.0303030303030303	0	0.0303030303030303	0	0	0	0	0.0303030303030303	0.0303030303030303	0	0	0	0	0.0303030303030303	0.0303030303030303	0	0	0	0.0303030303030303	0.0303030303030303	0	0	0.0303030303030303	0.0303030303030303	0	0.0303030303030303	0.0303030303030303	0	0	0	0	0	0	0.0303030303030303	0	0	0.0303030303030303	0	0	0	0.0303030303030303	0	0	0	0.0303030303030303	0	0	0	0.0303030303030303	0	0	0.0303030303030303	0.0303030303030303	0	0	0.0303030303030303	0.0303030303030303	0	0	0	0	0	0	0	0	0	0.0303030303030303	0	0	0	0.0303030303030303	0	0	0.0303030303030303	0	0	0	0	0	0.0303030303030303	0	0	0	0	0	0	0	0	0	0	0	0	0	0	0
0	0	0	0	0	0	0	0	0	0	0	0	0	0	0	0	0	0	0	0	0	0	0	0.0333333333333333	0.0333333333333333	0.0333333333333333	0	0.0333333333333333	0	0.0333333333333333	0.0333333333333333	0	0.0333333333333333	0	0	0	0	0.0333333333333333	0	0	0	0.0333333333333333	0	0	0.0333333333333333	0	0	0.0333333333333333	0.0333333333333333	0	0.0333333333333333	0	0	0	0	0.0333333333333333	0	0	0	0	0	0	0	0	0	0	0	0	0.0333333333333333	0	0	0	0.0333333333333333	0	0	0.0333333333333333	0	0	0.0333333333333333	0	0	0	0	0	0.0333333333333333	0.0333333333333333	0	0	0.0333333333333333	0	0	0.0333333333333333	0.0333333333333333	0	0.0333333333333333	0.0333333333333333	0.0333333333333333	0	0	0	0	0	0	0	0.0333333333333333	0	0	0	0	0	0.0333333333333333	0.0333333333333333	0	0	0.0333333333333333	0	0	0	0	0	0	0	0	0	0	0	0	0	0	0
0	0	0	0	0	0	0	0	0	0	0	0	0	0	0	0	0	0	0	0	0	0	0.0416666666666667	0	0	0.0416666666666667	0	0.0416666666666667	0	0	0	0	0	0	0	0	0	0.0416666666666667	0.0416666666666667	0	0.0416666666666667	0	0	0	0	0.0416666666666667	0	0	0	0.0416666666666667	0	0.0416666666666667	0	0	0	0	0	0	0.0416666666666667	0	0.0416666666666667	0	0	0	0	0	0	0	0.0416666666666667	0.0416666666666667	0	0	0.0416666666666667	0	0	0	0	0	0	0.0416666666666667	0	0.0416666666666667	0	0	0.0416666666666667	0	0	0.0416666666666667	0	0.0416666666666667	0	0	0	0	0	0	0	0	0	0	0	0	0	0.0416666666666667	0	0.0416666666666667	0.0416666666666667	0	0	0.0416666666666667	0	0	0	0	0.0416666666666667	0	0	0	0	0	0	0	0	0	0	0	0	0	0	0
0	0	0	0	0	0	0	0	0	0	0	0	0	0	0	0	0	0	0	0	0	0.0384615384615385	0.0384615384615385	0	0	0	0	0	0	0	0.0384615384615385	0	0.0384615384615385	0	0	0	0	0	0	0	0.0384615384615385	0.0384615384615385	0	0.0384615384615385	0.0384615384615385	0	0	0	0.0384615384615385	0	0	0.0384615384615385	0.0384615384615385	0	0	0.0384615384615385	0	0.0384615384615385	0	0.0384615384615385	0	0	0	0	0	0.0384615384615385	0	0	0	0	0	0	0	0.0384615384615385	0	0	0	0	0	0	0	0	0	0.0384615384615385	0	0	0.0384615384615385	0	0.0384615384615385	0	0	0	0	0	0	0	0	0	0	0	0	0.0384615384615385	0	0	0.0384615384615385	0	0.0384615384615385	0.0384615384615385	0	0.0384615384615385	0	0.0384615384615385	0	0	0.0384615384615385	0	0	0	0	0	0	0	0	0	0	0	0	0	0	0
0	0	0	0	0	0	0	0	0	0	0	0	0	0	0	0	0.0303030303030303	0	0.0303030303030303	0.0303030303030303	0.0303030303030303	0	0.0303030303030303	0	0	0	0	0.0303030303030303	0	0.0303030303030303	0	0	0.0303030303030303	0	0	0	0.0303030303030303	0.0303030303030303	0.0303030303030303	0.0303030303030303	0	0	0.0303030303030303	0	0	0.0303030303030303	0.0303030303030303	0	0	0	0	0	0	0	0	0	0	0.0303030303030303	0	0	0.0303030303030303	0	0	0.0303030303030303	0	0	0	0	0	0	0	0.0303030303030303	0	0.0303030303030303	0	0.0303030303030303	0	0	0.0303030303030303	0	0	0	0.0303030303030303	0	0.0303030303030303	0	0	0	0	0.0303030303030303	0	0	0	0	0	0	0	0.0303030303030303	0	0	0	0	0	0.0303030303030303	0	0.0303030303030303	0	0	0.0303030303030303	0.0303030303030303	0.0303030303030303	0	0.0303030303030303	0	0.0303030303030303	0	0	0	0	0	0	0	0	0	0	0	0	0	0	0
0	0	0	0	0	0	0	0	0	0	0	0	0	0	0	0.0357142857142857	0	0	0.0357142857142857	0	0.0357142857142857	0.0357142857142857	0	0	0	0.0357142857142857	0.0357142857142857	0	0.0357142857142857	0	0	0.0357142857142857	0	0	0	0	0	0	0.0357142857142857	0	0	0	0	0	0	0	0	0	0	0	0	0	0	0	0	0	0	0.0357142857142857	0	0	0	0	0	0	0.0357142857142857	0.0357142857142857	0	0	0.0357142857142857	0	0	0.0357142857142857	0.0357142857142857	0	0	0.0357142857142857	0	0	0	0.0357142857142857	0	0	0	0.0357142857142857	0	0	0	0	0	0.0357142857142857	0.0357142857142857	0	0	0	0	0	0	0	0	0.0357142857142857	0	0.0357142857142857	0	0	0.0357142857142857	0.0357142857142857	0	0	0	0.0357142857142857	0.0357142857142857	0.0357142857142857	0.0357142857142857	0	0	0	0	0	0	0	0	0	0	0	0	0	0	0	0	0
0	0	0	0	0	0	0	0	0	0	0	0	0	0	0	0	0	0.0344827586206896	0	0	0	0	0.0344827586206896	0	0.0344827586206896	0.0344827586206896	0	0	0.0344827586206896	0	0	0	0	0	0.0344827586206896	0	0.0344827586206896	0.0344827586206896	0.0344827586206896	0.0344827586206896	0	0	0	0	0	0.0344827586206896	0.0344827586206896	0.0344827586206896	0	0	0	0	0	0	0	0	0.0344827586206896	0	0	0	0	0	0	0.0344827586206896	0	0.0344827586206896	0	0	0.0344827586206896	0	0	0	0	0	0.0344827586206896	0	0	0	0	0	0	0.0344827586206896	0	0	0	0	0	0	0.0344827586206896	0.0344827586206896	0.0344827586206896	0	0	0.0344827586206896	0.0344827586206896	0	0.0344827586206896	0	0	0	0.0344827586206896	0	0	0	0.0344827586206896	0	0	0	0	0	0.0344827586206896	0	0	0.0344827586206896	0	0	0	0	0	0	0	0	0	0	0	0	0	0	0	0
0	0	0	0	0	0	0	0	0	0	0	0	0	0	0	0	0.032258064516129	0	0	0	0.032258064516129	0.032258064516129	0	0.032258064516129	0.032258064516129	0	0	0.032258064516129	0	0	0	0	0	0	0	0	0	0	0.032258064516129	0.032258064516129	0	0.032258064516129	0	0	0	0.032258064516129	0	0	0	0	0.032258064516129	0	0	0.032258064516129	0	0	0	0	0.032258064516129	0	0.032258064516129	0.032258064516129	0	0.032258064516129	0	0	0.032258064516129	0.032258064516129	0.032258064516129	0	0	0	0	0.032258064516129	0	0	0.032258064516129	0	0	0	0	0.032258064516129	0	0	0.032258064516129	0.032258064516129	0	0	0	0	0.032258064516129	0.032258064516129	0.032258064516129	0	0	0	0	0	0.032258064516129	0.032258064516129	0	0	0.032258064516129	0	0	0	0	0	0.032258064516129	0	0	0	0	0	0	0	0	0	0	0	0	0	0	0	0	0	0	0	0	0
0	0	0	0	0	0	0	0	0	0	0	0	0	0	0	0	0	0	0	0.0344827586206897	0	0.0344827586206897	0	0.0344827586206897	0	0	0.0344827586206897	0.0344827586206897	0	0	0	0.0344827586206897	0	0.0344827586206897	0	0	0	0	0.0344827586206897	0	0.0344827586206897	0	0.0344827586206897	0	0.0344827586206897	0.0344827586206897	0.0344827586206897	0	0.0344827586206897	0	0	0	0.0344827586206897	0	0	0	0	0	0	0.0344827586206897	0	0	0.0344827586206897	0	0	0	0.0344827586206897	0.0344827586206897	0.0344827586206897	0	0	0.0344827586206897	0	0.0344827586206897	0	0	0	0	0	0	0.0344827586206897	0.0344827586206897	0	0	0.0344827586206897	0	0	0	0	0.0344827586206897	0	0	0	0	0	0	0.0344827586206897	0	0	0	0	0	0	0	0	0	0.0344827586206897	0	0	0	0.0344827586206897	0	0	0	0	0	0	0	0	0	0	0	0	0	0	0	0	0	0	0
0	0	0	0	0	0	0	0	0	0	0	0	0	0	0	0	0	0.0434782608695652	0	0	0	0	0	0	0	0	0.0434782608695652	0	0	0	0	0	0	0	0	0	0.0434782608695652	0	0	0.0434782608695652	0	0	0	0	0	0	0.0434782608695652	0	0	0	0	0	0.0434782608695652	0	0	0	0	0.0434782608695652	0	0	0.0434782608695652	0	0	0	0	0.0434782608695652	0	0.0434782608695652	0.0434782608695652	0	0	0	0.0434782608695652	0	0	0	0	0	0.0434782608695652	0	0	0	0	0	0	0	0	0	0	0	0.0434782608695652	0.0434782608695652	0	0	0	0.0434782608695652	0.0434782608695652	0	0	0	0	0	0.0434782608695652	0	0	0.0434782608695652	0	0.0434782608695652	0.0434782608695652	0.0434782608695652	0	0.0434782608695652	0	0	0	0	0	0	0	0	0	0	0	0	0	0	0	0	0	0
0	0	0	0	0	0	0	0	0	0	0	0	0	0	0	0	0	0	0	0.0277777777777778	0.0277777777777778	0.0277777777777778	0.0277777777777778	0.0277777777777778	0	0.0277777777777778	0.0277777777777778	0	0	0.0277777777777778	0	0	0	0	0	0	0.0277777777777778	0	0.0277777777777778	0.0277777777777778	0	0	0	0.0277777777777778	0	0	0.0277777777777778	0	0	0	0	0	0	0	0.0277777777777778	0	0.0277777777777778	0	0	0.0277777777777778	0.0277777777777778	0	0.0277777777777778	0	0.0277777777777778	0	0	0	0	0	0	0	0	0	0.0277777777777778	0	0	0	0.0277777777777778	0	0	0	0	0	0	0.0277777777777778	0.0277777777777778	0.0277777777777778	0	0	0	0	0	0	0	0.0277777777777778	0.0277777777777778	0	0.0277777777777778	0.0277777777777778	0	0.0277777777777778	0.0277777777777778	0	0	0.0277777777777778	0.0277777777777778	0.0277777777777778	0.0277777777777778	0.0277777777777778	0.0277777777777778	0	0	0	0	0	0	0	0	0	0	0	0	0	0	0	0	0	0	0
0	0	0	0	0	0	0	0	0	0	0	0	0	0	0	0	0	0.032258064516129	0	0.032258064516129	0	0.032258064516129	0.032258064516129	0	0	0	0	0	0.032258064516129	0	0	0	0	0.032258064516129	0	0	0	0	0.032258064516129	0	0.032258064516129	0	0	0	0	0	0.032258064516129	0	0	0.032258064516129	0.032258064516129	0	0.032258064516129	0	0	0	0	0	0	0	0.032258064516129	0	0.032258064516129	0.032258064516129	0.032258064516129	0	0	0	0	0	0	0	0	0.032258064516129	0	0	0.032258064516129	0	0.032258064516129	0	0	0.032258064516129	0.032258064516129	0	0	0	0	0.032258064516129	0	0	0	0.032258064516129	0.032258064516129	0.032258064516129	0	0	0	0	0	0.032258064516129	0	0	0	0.032258064516129	0.032258064516129	0	0	0.032258064516129	0	0.032258064516129	0	0	0	0	0.032258064516129	0	0	0	0	0	0	0	0	0	0	0	0	0	0	0
0	0	0	0	0	0	0	0	0	0	0	0	0	0	0	0	0	0	0.027027027027027	0	0	0	0	0	0.027027027027027	0	0.027027027027027	0	0.027027027027027	0	0.027027027027027	0	0	0	0.027027027027027	0.027027027027027	0	0	0	0.027027027027027	0	0.027027027027027	0	0	0	0	0	0.027027027027027	0.027027027027027	0	0.027027027027027	0	0	0	0.027027027027027	0	0.027027027027027	0.027027027027027	0	0.027027027027027	0	0	0	0	0	0.027027027027027	0	0.027027027027027	0	0	0	0.027027027027027	0.027027027027027	0.027027027027027	0.027027027027027	0.027027027027027	0	0.027027027027027	0	0	0	0.027027027027027	0	0.027027027027027	0	0.027027027027027	0	0	0.027027027027027	0.027027027027027	0	0	0	0	0	0	0	0.027027027027027	0.027027027027027	0	0.027027027027027	0	0	0	0	0.027027027027027	0.027027027027027	0	0	0	0	0.027027027027027	0	0.027027027027027	0.027027027027027	0	0	0	0	0	0	0	0	0	0	0	0	0	0	0
0	0	0	0	0	0	0	0	0	0	0	0	0	0	0	0	0.0333333333333333	0	0	0	0	0	0	0.0333333333333333	0	0	0.0333333333333333	0.0333333333333333	0	0.0333333333333333	0.0333333333333333	0	0	0.0333333333333333	0	0	0	0	0	0.0333333333333333	0	0.0333333333333333	0	0	0	0	0	0	0	0	0.0333333333333333	0	0	0	0	0	0	0	0.0333333333333333	0	0.0333333333333333	0	0.0333333333333333	0	0	0.0333333333333333	0	0	0	0.0333333333333333	0.0333333333333333	0	0	0	0.0333333333333333	0.0333333333333333	0	0	0	0.0333333333333333	0	0	0	0	0	0	0	0	0	0.0333333333333333	0	0	0.0333333333333333	0	0.0333333333333333	0	0	0	0.0333333333333333	0	0.0333333333333333	0.0333333333333333	0	0.0333333333333333	0.0333333333333333	0	0	0.0333333333333333	0	0.0333333333333333	0.0333333333333333	0	0	0	0	0	0	0	0	0	0	0	0	0	0	0	0	0	0	0
0	0	0	0	0	0	0	0	0	0	0	0	0	0	0	0	0	0	0	0	0.032258064516129	0.032258064516129	0	0	0.032258064516129	0.032258064516129	0.032258064516129	0	0	0.032258064516129	0	0	0	0.032258064516129	0	0	0	0	0.032258064516129	0	0	0	0	0	0.032258064516129	0	0	0	0	0.032258064516129	0	0	0.032258064516129	0	0.032258064516129	0	0	0	0.032258064516129	0.032258064516129	0	0.032258064516129	0.032258064516129	0.032258064516129	0	0	0	0	0	0	0.032258064516129	0	0	0	0	0.032258064516129	0	0	0	0	0	0.032258064516129	0.032258064516129	0	0	0.032258064516129	0.032258064516129	0	0	0.032258064516129	0	0	0	0.032258064516129	0	0.032258064516129	0	0.032258064516129	0	0	0.032258064516129	0.032258064516129	0	0	0	0	0	0	0.032258064516129	0	0	0	0.032258064516129	0	0	0	0	0	0	0	0	0	0	0	0	0	0	0	0	0
0	0	0	0	0	0	0	0	0	0	0	0	0	0	0	0.0384615384615385	0	0	0	0.0384615384615385	0.0384615384615385	0	0	0.0384615384615385	0	0.0384615384615385	0.0384615384615385	0	0	0	0.0384615384615385	0	0	0.0384615384615385	0	0	0.0384615384615385	0	0	0	0	0.0384615384615385	0	0.0384615384615385	0	0	0	0.0384615384615385	0	0	0	0	0	0	0	0	0	0.0384615384615385	0	0	0	0.0384615384615385	0	0.0384615384615385	0	0.0384615384615385	0	0	0	0.0384615384615385	0.0384615384615385	0	0	0.0384615384615385	0	0	0	0	0	0	0	0	0	0	0	0	0	0.0384615384615385	0	0	0	0	0.0384615384615385	0	0	0	0	0.0384615384615385	0	0.0384615384615385	0.0384615384615385	0.0384615384615385	0	0	0	0	0	0	0	0	0	0.0384615384615385	0	0	0	0	0	0	0	0	0	0	0	0	0	0	0	0	0	0
0	0	0	0	0	0	0	0	0	0	0	0	0	0	0	0	0	0	0	0	0	0	0.0357142857142857	0	0	0.0357142857142857	0	0.0357142857142857	0	0	0	0	0	0	0.0357142857142857	0	0	0	0.0357142857142857	0	0.0357142857142857	0	0	0	0	0	0	0	0	0.0357142857142857	0.0357142857142857	0	0.0357142857142857	0	0	0.0357142857142857	0.0357142857142857	0	0	0	0	0.0357142857142857	0	0	0.0357142857142857	0.0357142857142857	0	0	0	0	0	0.0357142857142857	0.0357142857142857	0	0	0	0	0.0357142857142857	0	0	0	0.0357142857142857	0.0357142857142857	0	0.0357142857142857	0.0357142857142857	0	0	0.0357142857142857	0	0	0.0357142857142857	0	0.0357142857142857	0.0357142857142857	0	0	0	0	0	0	0.0357142857142857	0	0	0	0	0	0	0	0	0	0.0357142857142857	0.0357142857142857	0	0	0	0	0	0	0	0	0	0	0	0	0	0	0	0	0
0	0	0	0	0	0	0	0	0	0	0	0	0	0	0	0	0.0434782608695652	0.0434782608695652	0	0	0.0434782608695652	0	0.0434782608695652	0.0434782608695652	0	0	0	0	0	0	0	0	0	0	0	0	0.0434782608695652	0	0.0434782608695652	0.0434782608695652	0	0	0	0	0	0	0.0434782608695652	0.0434782608695652	0.0434782608695652	0	0.0434782608695652	0	0	0.0434782608695652	0	0	0	0	0	0	0.0434782608695652	0.0434782608695652	0	0	0.0434782608695652	0	0	0.0434782608695652	0	0	0	0	0	0	0	0	0	0	0	0	0	0	0	0	0	0	0	0	0	0	0	0	0.0434782608695652	0	0	0	0	0	0	0.0434782608695652	0	0.0434782608695652	0.0434782608695652	0.0434782608695652	0	0	0	0	0	0	0.0434782608695652	0	0	0	0	0	0	0	0	0	0	0	0	0	0	0	0	0	0	0
0	0	0	0	0	0	0	0	0	0	0	0	0	0	0	0	0	0	0	0.0454545454545455	0	0.0454545454545455	0	0	0	0	0	0	0.0454545454545455	0.0454545454545455	0	0	0	0	0	0	0	0	0.0454545454545455	0	0	0	0	0	0.0454545454545455	0.0454545454545455	0	0.0454545454545455	0	0.0454545454545455	0	0	0.0454545454545455	0	0.0454545454545455	0	0.0454545454545455	0	0	0	0	0	0.0454545454545455	0	0	0	0	0	0	0	0.0454545454545455	0	0.0454545454545455	0	0	0.0454545454545455	0	0	0.0454545454545455	0	0	0	0	0	0	0	0	0	0	0	0	0.0454545454545455	0	0	0	0	0	0	0	0	0	0	0.0454545454545455	0	0	0	0.0454545454545455	0	0.0454545454545455	0	0.0454545454545455	0	0	0	0	0	0	0	0	0	0	0	0	0	0	0	0	0	0	0
0	0	0	0	0	0	0	0	0	0	0	0	0	0	0	0.0303030303030303	0.0303030303030303	0	0	0	0.0303030303030303	0	0	0	0.0303030303030303	0	0	0	0	0.0303030303030303	0.0303030303030303	0	0.0303030303030303	0.0303030303030303	0.0303030303030303	0	0.0303030303030303	0	0	0	0.0303030303030303	0	0	0.0303030303030303	0	0.0303030303030303	0	0	0	0	0.0303030303030303	0.0303030303030303	0	0	0	0	0	0	0	0.0303030303030303	0	0.0303030303030303	0	0.0303030303030303	0	0	0	0.0303030303030303	0.0303030303030303	0	0.0303030303030303	0.0303030303030303	0.0303030303030303	0.0303030303030303	0.0303030303030303	0	0.0303030303030303	0	0	0.0303030303030303	0	0	0	0	0	0.0303030303030303	0	0	0	0	0	0	0.0303030303030303	0	0	0.0303030303030303	0	0.0303030303030303	0	0	0	0	0	0	0	0	0	0	0	0	0.0303030303030303	0	0.0303030303030303	0	0	0	0	0	0	0	0	0	0	0	0	0	0	0	0	0
0	0	0	0	0	0	0	0	0	0	0	0	0	0	0	0	0	0	0	0.0344827586206897	0	0	0	0	0	0.0344827586206897	0	0	0	0	0.0344827586206897	0.0344827586206897	0.0344827586206897	0	0	0	0	0	0.0344827586206897	0	0.0344827586206897	0	0	0	0	0.0344827586206897	0	0.0344827586206897	0	0.0344827586206897	0	0.0344827586206897	0.0344827586206897	0	0.0344827586206897	0	0	0.0344827586206897	0	0	0.0344827586206897	0	0	0.0344827586206897	0.0344827586206897	0	0	0	0	0	0.0344827586206897	0	0	0	0	0.0344827586206897	0.0344827586206897	0	0	0	0	0	0	0	0.0344827586206897	0	0.0344827586206897	0	0.0344827586206897	0	0.0344827586206897	0	0	0	0	0.0344827586206897	0	0	0.0344827586206897	0	0	0.0344827586206897	0	0	0	0	0.0344827586206897	0	0	0	0	0	0	0	0.0344827586206897	0	0	0	0	0	0	0	0	0	0	0	0	0	0	0
0	0	0	0	0	0	0	0	0	0	0	0	0	0	0	0	0.0238095238095238	0.0238095238095238	0	0	0	0.0238095238095238	0.0238095238095238	0.0238095238095238	0	0.0238095238095238	0	0	0.0238095238095238	0	0	0.0238095238095238	0	0	0.0238095238095238	0	0.0238095238095238	0	0	0	0	0.0238095238095238	0.0238095238095238	0.0238095238095238	0	0.0238095238095238	0.0238095238095238	0.0238095238095238	0	0	0	0	0	0.0238095238095238	0	0	0	0	0	0	0	0.0238095238095238	0.0238095238095238	0	0	0.0238095238095238	0	0.0238095238095238	0.0238095238095238	0	0.0238095238095238	0.0238095238095238	0	0	0.0238095238095238	0.0238095238095238	0.0238095238095238	0	0	0.0238095238095238	0	0	0	0.0238095238095238	0.0238095238095238	0.0238095238095238	0	0.0238095238095238	0.0238095238095238	0	0	0.0238095238095238	0	0.0238095238095238	0.0238095238095238	0.0238095238095238	0	0.0238095238095238	0.0238095238095238	0	0	0	0	0	0.0238095238095238	0	0.0238095238095238	0	0	0.0238095238095238	0	0	0	0	0	0	0	0	0	0	0	0	0	0	0	0	0	0	0	0
0	0	0	0	0	0	0	0	0	0	0	0	0	0	0	0.0434782608695652	0.0434782608695652	0	0	0	0	0.0434782608695652	0.0434782608695652	0	0	0	0.0434782608695652	0	0	0	0	0	0	0	0	0.0434782608695652	0	0	0	0.0434782608695652	0	0	0.0434782608695652	0	0	0	0	0	0	0.0434782608695652	0	0	0.0434782608695652	0.0434782608695652	0.0434782608695652	0	0.0434782608695652	0	0	0.0434782608695652	0.0434782608695652	0	0	0	0	0	0	0	0	0.0434782608695652	0	0	0	0	0	0	0	0	0	0	0	0.0434782608695652	0	0	0.0434782608695652	0	0	0	0	0.0434782608695652	0.0434782608695652	0	0	0.0434782608695652	0	0	0	0	0	0	0	0	0	0	0	0	0	0	0.0434782608695652	0	0	0.0434782608695652	0	0	0	0	0	0	0	0	0	0	0	0	0	0	0	0	0	0
0	0	0	0	0	0	0	0	0	0	0	0	0	0	0	0	0	0	0	0.037037037037037	0.037037037037037	0	0	0.037037037037037	0	0.037037037037037	0	0	0.037037037037037	0	0.037037037037037	0	0	0	0	0	0	0	0	0	0.037037037037037	0	0	0	0	0	0	0	0	0	0	0.037037037037037	0.037037037037037	0	0	0	0	0.037037037037037	0.037037037037037	0.037037037037037	0	0	0	0	0	0	0.037037037037037	0.037037037037037	0	0	0	0.037037037037037	0.037037037037037	0	0	0	0	0	0	0	0	0.037037037037037	0	0	0	0	0.037037037037037	0	0	0	0.037037037037037	0	0	0	0	0.037037037037037	0	0	0.037037037037037	0	0	0.037037037037037	0	0.037037037037037	0.037037037037037	0	0	0	0	0	0.037037037037037	0	0.037037037037037	0.037037037037037	0	0	0	0	0	0	0	0	0	0	0	0	0	0	0	0
0	0	0	0	0	0	0	0	0	0	0	0	0	0	0	0	0	0	0	0	0.0357142857142857	0.0357142857142857	0	0	0	0	0	0	0	0	0	0	0.0357142857142857	0.0357142857142857	0	0	0.0357142857142857	0.0357142857142857	0	0.0357142857142857	0	0	0	0.0357142857142857	0	0.0357142857142857	0	0.0357142857142857	0	0	0.0357142857142857	0.0357142857142857	0	0	0	0	0	0	0.0357142857142857	0	0	0	0	0	0	0	0.0357142857142857	0	0	0	0	0	0	0	0	0	0	0.0357142857142857	0	0	0	0	0.0357142857142857	0.0357142857142857	0.0357142857142857	0	0	0	0.0357142857142857	0.0357142857142857	0	0.0357142857142857	0	0	0	0	0	0	0	0.0357142857142857	0	0.0357142857142857	0	0	0	0.0357142857142857	0.0357142857142857	0	0	0.0357142857142857	0.0357142857142857	0.0357142857142857	0	0	0	0	0	0	0	0	0	0	0	0	0	0	0	0	0	0
0	0	0	0	0	0	0	0	0	0	0	0	0	0	0	0	0	0	0	0.03125	0.03125	0	0	0.03125	0	0	0	0	0	0	0	0	0	0.03125	0	0	0.03125	0	0	0	0	0	0	0	0	0	0	0.03125	0.03125	0	0.03125	0	0	0.03125	0	0	0	0	0	0.03125	0	0	0	0.03125	0	0	0	0	0.03125	0	0	0.03125	0	0	0.03125	0	0	0.03125	0	0	0.03125	0.03125	0	0	0.03125	0.03125	0	0	0.03125	0	0	0.03125	0	0	0.03125	0.03125	0.03125	0	0.03125	0.03125	0.03125	0.03125	0.03125	0	0	0	0	0.03125	0	0	0.03125	0.03125	0	0	0	0	0	0	0	0	0	0	0	0	0	0	0	0	0	0
0	0	0	0	0	0	0	0	0	0	0	0	0	0	0	0	0	0	0	0	0	0	0	0	0	0	0.0263157894736842	0.0263157894736842	0	0	0	0	0.0263157894736842	0.0263157894736842	0	0.0263157894736842	0	0	0	0	0	0.0263157894736842	0	0.0263157894736842	0.0263157894736842	0	0.0263157894736842	0	0	0.0263157894736842	0.0263157894736842	0	0.0263157894736842	0.0263157894736842	0.0263157894736842	0.0263157894736842	0	0	0.0263157894736842	0	0	0.0263157894736842	0.0263157894736842	0.0263157894736842	0	0.0263157894736842	0	0	0	0	0	0.0263157894736842	0.0263157894736842	0	0	0	0.0263157894736842	0	0	0	0	0.0263157894736842	0	0.0263157894736842	0.0263157894736842	0	0.0263157894736842	0.0263157894736842	0.0263157894736842	0.0263157894736842	0	0.0263157894736842	0.0263157894736842	0.0263157894736842	0.0263157894736842	0	0	0	0	0	0	0.0263157894736842	0	0.0263157894736842	0	0	0	0	0	0	0.0263157894736842	0.0263157894736842	0	0	0	0	0	0	0	0	0	0	0	0	0	0	0	0	0	0
0	0	0	0	0	0	0	0	0	0	0	0	0	0	0	0	0.0434782608695652	0	0	0	0	0	0	0.0434782608695652	0	0.0434782608695652	0	0	0	0.0434782608695652	0.0434782608695652	0.0434782608695652	0	0.0434782608695652	0.0434782608695652	0	0	0	0.0434782608695652	0	0.0434782608695652	0	0	0.0434782608695652	0	0	0	0	0	0	0	0	0	0	0.0434782608695652	0	0.0434782608695652	0	0	0.0434782608695652	0.0434782608695652	0	0	0	0.0434782608695652	0	0	0	0	0.0434782608695652	0	0.0434782608695652	0	0	0	0	0	0	0	0	0	0	0	0	0.0434782608695652	0	0	0	0	0	0	0.0434782608695652	0	0	0.0434782608695652	0	0	0	0	0.0434782608695652	0	0.0434782608695652	0	0	0	0	0	0	0	0	0	0	0	0	0	0	0	0	0	0	0	0	0	0	0	0	0	0	0	0
0	0	0	0	0	0	0	0	0	0	0	0	0	0	0	0	0.0357142857142857	0.0357142857142857	0.0357142857142857	0	0	0	0	0	0	0.0357142857142857	0	0.0357142857142857	0	0.0357142857142857	0.0357142857142857	0	0	0	0.0357142857142857	0	0	0	0	0.0357142857142857	0	0.0357142857142857	0	0	0	0.0357142857142857	0.0357142857142857	0.0357142857142857	0	0	0	0	0	0.0357142857142857	0	0	0	0	0	0.0357142857142857	0	0.0357142857142857	0.0357142857142857	0	0	0	0	0.0357142857142857	0	0	0	0	0.0357142857142857	0	0	0.0357142857142857	0	0	0.0357142857142857	0	0	0	0.0357142857142857	0	0	0	0.0357142857142857	0.0357142857142857	0	0	0	0	0	0	0	0.0357142857142857	0.0357142857142857	0	0	0	0	0	0	0.0357142857142857	0	0	0	0.0357142857142857	0	0	0	0	0	0	0	0	0	0	0	0	0	0	0	0	0	0	0	0	0	0
0	0	0	0	0	0	0	0	0	0	0	0	0	0	0	0	0.0303030303030303	0	0.0303030303030303	0.0303030303030303	0	0	0	0	0	0.0303030303030303	0	0	0.0303030303030303	0	0	0.0303030303030303	0	0	0.0303030303030303	0	0	0	0	0.0303030303030303	0.0303030303030303	0	0.0303030303030303	0.0303030303030303	0	0	0.0303030303030303	0	0.0303030303030303	0	0	0	0	0.0303030303030303	0	0.0303030303030303	0.0303030303030303	0	0	0	0	0.0303030303030303	0	0	0.0303030303030303	0	0.0303030303030303	0	0	0.0303030303030303	0	0	0	0	0	0.0303030303030303	0.0303030303030303	0.0303030303030303	0.0303030303030303	0	0	0.0303030303030303	0	0.0303030303030303	0	0	0	0.0303030303030303	0	0	0	0	0.0303030303030303	0	0	0	0.0303030303030303	0	0	0	0.0303030303030303	0	0	0	0.0303030303030303	0	0	0	0	0	0	0	0	0.0303030303030303	0.0303030303030303	0	0	0	0	0	0	0	0	0	0	0	0	0	0	0
0	0	0	0	0	0	0	0	0	0	0	0	0	0	0	0	0.0384615384615385	0	0	0	0.0384615384615385	0	0	0	0	0	0	0	0.0384615384615385	0	0.0384615384615385	0	0	0	0	0	0	0.0384615384615385	0	0	0.0384615384615385	0	0	0	0	0	0.0384615384615385	0	0	0	0.0384615384615385	0	0.0384615384615385	0	0.0384615384615385	0.0384615384615385	0	0	0	0.0384615384615385	0	0	0	0.0384615384615385	0.0384615384615385	0	0	0	0.0384615384615385	0	0.0384615384615385	0	0	0	0	0.0384615384615385	0	0	0.0384615384615385	0	0.0384615384615385	0	0	0.0384615384615385	0	0	0	0	0	0	0.0384615384615385	0	0	0	0.0384615384615385	0	0	0	0.0384615384615385	0	0	0	0	0	0	0	0.0384615384615385	0	0	0.0384615384615385	0.0384615384615385	0	0	0	0	0	0	0	0	0	0	0	0	0	0	0	0	0	0	0
0	0	0	0	0	0	0	0	0	0	0	0	0	0	0	0	0.0357142857142857	0.0357142857142857	0	0	0.0357142857142857	0.0357142857142857	0	0	0	0	0.0357142857142857	0.0357142857142857	0.0357142857142857	0.0357142857142857	0	0	0	0	0	0	0	0	0.0357142857142857	0.0357142857142857	0.0357142857142857	0	0	0	0.0357142857142857	0	0.0357142857142857	0	0.0357142857142857	0	0	0	0	0.0357142857142857	0	0	0	0.0357142857142857	0	0	0	0	0.0357142857142857	0	0	0	0	0.0357142857142857	0	0	0	0	0	0	0	0	0	0	0.0357142857142857	0	0	0.0357142857142857	0	0	0	0	0.0357142857142857	0	0.0357142857142857	0.0357142857142857	0	0	0	0	0.0357142857142857	0	0.0357142857142857	0	0.0357142857142857	0	0.0357142857142857	0	0	0	0	0	0	0	0	0	0	0	0	0	0.0357142857142857	0	0	0	0	0	0	0	0	0	0	0	0	0	0	0
0	0	0	0	0	0	0	0	0	0	0	0	0	0	0	0.0333333333333333	0	0	0	0	0	0.0333333333333333	0	0.0333333333333333	0	0	0	0.0333333333333333	0.0333333333333333	0.0333333333333333	0	0.0333333333333333	0	0	0	0	0.0333333333333333	0.0333333333333333	0.0333333333333333	0	0	0	0	0	0	0	0	0.0333333333333333	0	0	0	0	0	0	0	0.0333333333333333	0	0	0	0	0	0	0.0333333333333333	0	0	0.0333333333333333	0.0333333333333333	0.0333333333333333	0	0	0	0	0	0	0	0.0333333333333333	0	0	0	0.0333333333333333	0	0	0	0.0333333333333333	0.0333333333333333	0	0	0	0	0	0	0.0333333333333333	0	0	0.0333333333333333	0	0.0333333333333333	0	0.0333333333333333	0.0333333333333333	0	0	0.0333333333333333	0	0	0.0333333333333333	0.0333333333333333	0	0	0	0	0	0.0333333333333333	0	0.0333333333333333	0	0	0	0	0	0	0	0	0	0	0	0	0	0	0
0	0	0	0	0	0	0	0	0	0	0	0	0	0	0	0	0	0	0	0	0.0303030303030303	0.0303030303030303	0.0303030303030303	0.0303030303030303	0	0	0	0.0303030303030303	0	0.0303030303030303	0	0	0.0303030303030303	0	0.0303030303030303	0	0.0303030303030303	0.0303030303030303	0	0	0.0303030303030303	0.0303030303030303	0	0	0	0	0	0	0	0	0	0.0303030303030303	0.0303030303030303	0	0	0	0	0	0	0.0303030303030303	0	0.0303030303030303	0	0	0.0303030303030303	0	0	0	0	0	0	0.0303030303030303	0	0	0	0	0	0	0	0.0303030303030303	0	0	0.0303030303030303	0	0.0303030303030303	0	0.0303030303030303	0.0303030303030303	0	0	0.0303030303030303	0.0303030303030303	0.0303030303030303	0	0	0	0	0	0	0.0303030303030303	0	0.0303030303030303	0.0303030303030303	0.0303030303030303	0	0	0	0	0.0303030303030303	0.0303030303030303	0	0	0	0.0303030303030303	0	0	0	0	0	0	0	0	0	0	0	0	0	0	0	0
0	0	0	0	0	0	0	0	0	0	0	0	0	0	0	0	0	0	0	0	0	0	0	0.0303030303030303	0	0	0	0	0	0.0303030303030303	0	0	0.0303030303030303	0	0.0303030303030303	0	0	0	0	0.0303030303030303	0	0.0303030303030303	0	0.0303030303030303	0	0	0	0	0	0.0303030303030303	0.0303030303030303	0	0	0.0303030303030303	0	0.0303030303030303	0.0303030303030303	0.0303030303030303	0.0303030303030303	0.0303030303030303	0	0	0.0303030303030303	0	0	0	0.0303030303030303	0	0	0	0	0	0.0303030303030303	0.0303030303030303	0.0303030303030303	0.0303030303030303	0.0303030303030303	0	0	0	0.0303030303030303	0	0	0	0	0	0	0	0.0303030303030303	0	0.0303030303030303	0	0.0303030303030303	0	0	0.0303030303030303	0.0303030303030303	0	0	0.0303030303030303	0	0.0303030303030303	0.0303030303030303	0	0	0	0	0	0	0.0303030303030303	0	0	0	0.0303030303030303	0	0	0	0	0	0	0	0	0	0	0	0	0	0	0	0
0	0	0	0	0	0	0	0	0	0	0	0	0	0	0	0	0.0303030303030303	0	0.0303030303030303	0	0.0303030303030303	0	0	0	0	0	0	0	0	0.0303030303030303	0.0303030303030303	0	0	0	0.0303030303030303	0	0	0	0	0.0303030303030303	0	0.0303030303030303	0.0303030303030303	0	0	0	0.0303030303030303	0	0	0.0303030303030303	0.0303030303030303	0	0	0	0	0	0	0	0	0.0303030303030303	0	0.0303030303030303	0	0	0.0303030303030303	0.0303030303030303	0	0	0	0	0	0	0	0	0	0	0.0303030303030303	0.0303030303030303	0	0	0	0.0303030303030303	0	0	0.0303030303030303	0	0	0.0303030303030303	0	0	0	0	0.0303030303030303	0.0303030303030303	0.0303030303030303	0.0303030303030303	0	0.0303030303030303	0	0.0303030303030303	0	0.0303030303030303	0.0303030303030303	0	0	0.0303030303030303	0.0303030303030303	0	0	0	0.0303030303030303	0	0	0.0303030303030303	0	0	0	0	0	0	0	0	0	0	0	0	0	0	0	0
0	0	0	0	0	0	0	0	0	0	0	0	0	0	0	0	0.0333333333333333	0.0333333333333333	0	0.0333333333333333	0	0	0.0333333333333333	0	0	0	0.0333333333333333	0.0333333333333333	0	0	0.0333333333333333	0	0	0.0333333333333333	0	0	0.0333333333333333	0.0333333333333333	0	0.0333333333333333	0	0	0	0	0	0	0	0	0.0333333333333333	0.0333333333333333	0	0	0	0	0	0.0333333333333333	0.0333333333333333	0	0	0	0	0	0	0	0	0.0333333333333333	0	0	0	0	0.0333333333333333	0	0	0.0333333333333333	0.0333333333333333	0	0	0	0	0.0333333333333333	0.0333333333333333	0	0.0333333333333333	0	0.0333333333333333	0	0	0	0	0	0	0	0.0333333333333333	0.0333333333333333	0.0333333333333333	0	0	0.0333333333333333	0	0	0	0	0	0	0	0	0.0333333333333333	0	0.0333333333333333	0	0	0	0	0	0.0333333333333333	0	0	0	0	0	0	0	0	0	0	0	0	0	0	0
0	0	0	0	0	0	0	0	0	0	0	0	0	0	0	0	0.0357142857142857	0	0	0.0357142857142857	0	0.0357142857142857	0	0	0.0357142857142857	0	0.0357142857142857	0	0	0.0357142857142857	0.0357142857142857	0.0357142857142857	0	0	0	0	0.0357142857142857	0	0	0.0357142857142857	0	0	0.0357142857142857	0	0	0	0	0.0357142857142857	0.0357142857142857	0	0	0	0	0	0.0357142857142857	0	0	0	0	0	0	0	0	0	0.0357142857142857	0	0	0.0357142857142857	0	0.0357142857142857	0	0	0	0	0	0	0	0.0357142857142857	0	0	0	0.0357142857142857	0	0	0	0	0	0	0	0.0357142857142857	0	0	0.0357142857142857	0	0.0357142857142857	0	0.0357142857142857	0	0	0	0	0	0	0.0357142857142857	0.0357142857142857	0	0.0357142857142857	0	0	0	0.0357142857142857	0.0357142857142857	0	0	0	0	0	0	0	0	0	0	0	0	0	0	0	0	0	0
0	0	0	0	0	0	0	0	0	0	0	0	0	0	0	0	0	0.03125	0	0	0	0	0	0	0.03125	0.03125	0.03125	0.03125	0	0.03125	0.03125	0	0	0	0	0.03125	0	0	0.03125	0	0	0	0	0	0	0.03125	0	0	0.03125	0	0	0	0.03125	0.03125	0	0.03125	0	0.03125	0.03125	0.03125	0	0	0	0.03125	0	0	0	0	0	0	0	0	0	0.03125	0.03125	0.03125	0.03125	0	0.03125	0	0	0	0	0.03125	0.03125	0	0.03125	0	0	0	0	0	0	0	0	0	0	0.03125	0	0.03125	0	0.03125	0.03125	0	0	0.03125	0	0	0	0	0	0	0	0.03125	0	0	0	0	0	0	0	0	0	0	0	0	0	0	0	0
0	0	0	0	0	0	0	0	0	0	0	0	0	0	0	0	0	0	0	0	0	0.0303030303030303	0.0303030303030303	0.0303030303030303	0.0303030303030303	0	0.0303030303030303	0	0	0.0303030303030303	0	0	0.0303030303030303	0	0	0	0.0303030303030303	0	0	0	0.0303030303030303	0	0.0303030303030303	0.0303030303030303	0.0303030303030303	0	0	0	0.0303030303030303	0	0.0303030303030303	0.0303030303030303	0	0.0303030303030303	0	0	0	0	0.0303030303030303	0.0303030303030303	0	0	0	0	0.0303030303030303	0.0303030303030303	0.0303030303030303	0.0303030303030303	0	0	0	0	0	0	0	0.0303030303030303	0	0	0	0	0	0	0	0	0	0.0303030303030303	0	0	0	0.0303030303030303	0	0	0.0303030303030303	0	0	0	0	0	0	0	0.0303030303030303	0	0.0303030303030303	0	0	0	0.0303030303030303	0	0.0303030303030303	0.0303030303030303	0	0.0303030303030303	0.0303030303030303	0	0	0	0	0	0	0	0	0	0	0	0	0	0	0	0	0
0	0	0	0	0	0	0	0	0	0	0	0	0	0	0	0	0	0.0434782608695652	0	0	0	0.0434782608695652	0	0	0	0	0	0.0434782608695652	0	0	0.0434782608695652	0	0	0	0	0	0	0	0	0	0	0	0	0	0	0	0	0.0434782608695652	0	0	0	0	0.0434782608695652	0.0434782608695652	0	0	0.0434782608695652	0	0	0	0	0	0	0	0.0434782608695652	0.0434782608695652	0	0.0434782608695652	0.0434782608695652	0	0	0	0	0.0434782608695652	0	0	0	0	0.0434782608695652	0	0.0434782608695652	0	0.0434782608695652	0	0	0.0434782608695652	0.0434782608695652	0	0	0	0	0	0	0.0434782608695652	0	0	0	0	0	0	0.0434782608695652	0	0.0434782608695652	0	0.0434782608695652	0	0	0	0	0	0	0	0	0	0.0434782608695652	0	0	0	0	0	0	0	0	0	0	0	0	0	0	0
0	0	0	0	0	0	0	0	0	0	0	0	0	0	0	0.0384615384615385	0	0	0	0	0	0.0384615384615385	0.0384615384615385	0	0.0384615384615385	0.0384615384615385	0	0.0384615384615385	0	0	0	0	0	0	0	0.0384615384615385	0.0384615384615385	0	0	0	0	0	0	0	0	0	0	0	0	0	0.0384615384615385	0	0	0	0	0	0	0	0	0.0384615384615385	0	0	0.0384615384615385	0	0.0384615384615385	0.0384615384615385	0	0	0	0	0	0	0	0	0.0384615384615385	0.0384615384615385	0.0384615384615385	0	0	0	0.0384615384615385	0	0	0	0.0384615384615385	0.0384615384615385	0.0384615384615385	0	0	0	0	0	0	0	0.0384615384615385	0	0.0384615384615385	0	0	0	0.0384615384615385	0.0384615384615385	0	0.0384615384615385	0	0	0	0	0	0	0	0.0384615384615385	0	0	0	0	0	0	0	0	0	0	0	0	0	0	0	0	0	0
0	0	0	0	0	0	0	0	0	0	0	0	0	0	0	0	0	0	0.0277777777777778	0	0.0277777777777778	0	0	0	0.0277777777777778	0	0.0277777777777778	0.0277777777777778	0	0.0277777777777778	0.0277777777777778	0	0	0	0	0	0.0277777777777778	0	0.0277777777777778	0	0	0	0	0.0277777777777778	0.0277777777777778	0	0	0	0	0.0277777777777778	0	0.0277777777777778	0	0	0.0277777777777778	0	0.0277777777777778	0	0	0	0	0	0	0	0	0	0	0	0.0277777777777778	0	0	0.0277777777777778	0.0277777777777778	0	0	0	0	0	0.0277777777777778	0.0277777777777778	0.0277777777777778	0.0277777777777778	0.0277777777777778	0	0	0	0	0.0277777777777778	0	0	0.0277777777777778	0	0	0	0.0277777777777778	0	0.0277777777777778	0	0.0277777777777778	0	0.0277777777777778	0	0.0277777777777778	0.0277777777777778	0	0	0	0.0277777777777778	0.0277777777777778	0.0277777777777778	0	0.0277777777777778	0.0277777777777778	0	0	0	0	0	0	0	0	0	0	0	0	0	0	0	0	0
0	0	0	0	0	0	0	0	0	0	0	0	0	0	0	0.0303030303030303	0	0	0	0.0303030303030303	0.0303030303030303	0.0303030303030303	0.0303030303030303	0	0	0	0.0303030303030303	0	0	0.0303030303030303	0	0	0	0	0	0	0.0303030303030303	0.0303030303030303	0	0.0303030303030303	0	0	0	0.0303030303030303	0.0303030303030303	0.0303030303030303	0	0.0303030303030303	0.0303030303030303	0	0.0303030303030303	0	0.0303030303030303	0	0	0	0	0	0.0303030303030303	0	0	0	0	0	0.0303030303030303	0.0303030303030303	0	0	0	0	0	0.0303030303030303	0	0.0303030303030303	0	0	0	0	0	0	0.0303030303030303	0.0303030303030303	0	0.0303030303030303	0	0	0	0	0.0303030303030303	0	0	0	0	0	0	0	0.0303030303030303	0	0	0	0	0.0303030303030303	0	0.0303030303030303	0	0	0	0.0303030303030303	0	0	0	0	0.0303030303030303	0.0303030303030303	0.0303030303030303	0	0	0	0	0	0	0	0	0	0	0	0	0	0	0
0	0	0	0	0	0	0	0	0	0	0	0	0	0	0	0	0	0	0	0	0.0384615384615385	0.0384615384615385	0	0	0	0.0384615384615385	0	0	0.0384615384615385	0	0	0	0	0	0	0	0.0384615384615385	0	0	0.0384615384615385	0	0.0384615384615385	0	0	0	0	0	0	0	0	0.0384615384615385	0.0384615384615385	0	0	0.0384615384615385	0	0	0.0384615384615385	0	0	0	0	0	0	0	0	0	0	0	0	0	0.0384615384615385	0.0384615384615385	0	0	0	0	0	0.0384615384615385	0	0	0	0	0.0384615384615385	0	0.0384615384615385	0	0.0384615384615385	0	0	0.0384615384615385	0.0384615384615385	0.0384615384615385	0.0384615384615385	0.0384615384615385	0	0	0	0	0	0	0	0.0384615384615385	0	0	0	0.0384615384615385	0	0.0384615384615385	0	0	0	0	0	0.0384615384615385	0	0	0	0	0	0	0	0	0	0	0	0	0	0	0
0	0	0	0	0	0	0	0	0	0	0	0	0	0	0	0	0	0	0	0.0333333333333333	0	0.0333333333333333	0.0333333333333333	0	0	0	0	0	0	0.0333333333333333	0	0	0.0333333333333333	0.0333333333333333	0	0	0	0.0333333333333333	0	0	0	0	0	0	0	0	0	0	0	0.0333333333333333	0	0	0	0	0	0.0333333333333333	0.0333333333333333	0	0	0	0	0	0.0333333333333333	0.0333333333333333	0	0.0333333333333333	0.0333333333333333	0	0	0.0333333333333333	0.0333333333333333	0	0	0	0.0333333333333333	0	0.0333333333333333	0	0.0333333333333333	0	0	0.0333333333333333	0	0	0	0	0	0	0	0.0333333333333333	0.0333333333333333	0	0	0	0.0333333333333333	0	0.0333333333333333	0	0.0333333333333333	0.0333333333333333	0	0	0.0333333333333333	0	0	0	0	0.0333333333333333	0	0.0333333333333333	0	0	0	0	0.0333333333333333	0	0	0	0	0	0	0	0	0	0	0	0	0	0	0
0	0	0	0	0	0	0	0	0	0	0	0	0	0	0	0	0.04	0.04	0	0	0.04	0	0	0	0	0	0	0	0	0	0.04	0	0	0	0	0	0	0	0	0	0	0	0	0	0	0	0	0	0	0	0	0	0	0	0	0.04	0	0.04	0	0	0	0	0.04	0	0	0	0.04	0	0	0.04	0	0	0.04	0.04	0	0	0	0	0	0.04	0.04	0.04	0.04	0.04	0.04	0.04	0.04	0	0	0	0	0	0.04	0	0	0	0	0	0	0.04	0.04	0	0	0	0	0	0	0	0.04	0	0	0.04	0	0.04	0	0	0	0	0	0	0	0	0	0	0	0	0	0	0	0
0	0	0	0	0	0	0	0	0	0	0	0	0	0	0	0	0	0	0.0294117647058823	0.0294117647058823	0	0.0294117647058823	0	0	0	0	0.0294117647058823	0	0	0.0294117647058823	0.0294117647058823	0	0	0	0	0.0294117647058823	0	0	0	0	0	0	0	0	0.0294117647058823	0	0	0.0294117647058823	0	0.0294117647058823	0.0294117647058823	0	0.0294117647058823	0.0294117647058823	0	0.0294117647058823	0	0	0.0294117647058823	0	0.0294117647058823	0.0294117647058823	0.0294117647058823	0.0294117647058823	0	0.0294117647058823	0.0294117647058823	0.0294117647058823	0	0.0294117647058823	0.0294117647058823	0	0	0	0.0294117647058823	0	0	0	0	0.0294117647058823	0	0	0	0	0.0294117647058823	0	0	0.0294117647058823	0	0	0	0.0294117647058823	0	0	0	0	0.0294117647058823	0	0	0	0	0	0	0.0294117647058823	0	0	0	0	0	0	0.0294117647058823	0	0	0.0294117647058823	0.0294117647058823	0	0	0	0	0	0	0	0	0	0	0	0	0	0	0
0	0	0	0	0	0	0	0	0	0	0	0	0	0	0	0.0285714285714286	0	0.0285714285714286	0	0	0.0285714285714286	0	0	0.0285714285714286	0.0285714285714286	0	0.0285714285714286	0	0.0285714285714286	0.0285714285714286	0	0	0	0.0285714285714286	0	0	0	0	0	0.0285714285714286	0	0	0	0	0.0285714285714286	0	0	0	0	0	0.0285714285714286	0	0.0285714285714286	0.0285714285714286	0.0285714285714286	0.0285714285714286	0.0285714285714286	0	0	0	0	0.0285714285714286	0	0	0	0	0.0285714285714286	0.0285714285714286	0.0285714285714286	0	0.0285714285714286	0.0285714285714286	0.0285714285714286	0	0.0285714285714286	0.0285714285714286	0	0	0	0	0	0	0	0	0	0	0.0285714285714286	0	0.0285714285714286	0	0	0	0.0285714285714286	0	0	0	0.0285714285714286	0	0.0285714285714286	0	0	0	0	0	0.0285714285714286	0.0285714285714286	0	0	0	0.0285714285714286	0	0	0	0	0.0285714285714286	0	0	0	0	0	0	0	0	0	0	0	0	0	0	0
0	0	0	0	0	0	0	0	0	0	0	0	0	0	0	0.037037037037037	0	0	0.037037037037037	0	0	0	0	0.037037037037037	0	0	0	0	0	0	0	0	0	0	0	0	0.037037037037037	0	0	0	0	0.037037037037037	0.037037037037037	0	0.037037037037037	0	0.037037037037037	0	0	0	0.037037037037037	0.037037037037037	0	0	0	0	0.037037037037037	0	0.037037037037037	0.037037037037037	0	0	0	0	0	0	0	0	0.037037037037037	0	0.037037037037037	0	0.037037037037037	0	0.037037037037037	0	0.037037037037037	0.037037037037037	0	0.037037037037037	0.037037037037037	0	0	0.037037037037037	0	0	0	0.037037037037037	0	0	0	0.037037037037037	0	0	0	0	0	0	0	0	0	0	0	0	0	0	0	0	0.037037037037037	0	0	0	0.037037037037037	0.037037037037037	0	0	0	0	0	0	0	0	0	0	0	0	0	0	0	0
0	0	0	0	0	0	0	0	0	0	0	0	0	0	0	0	0	0	0.0357142857142857	0	0	0	0	0	0	0.0357142857142857	0	0	0	0	0	0	0.0357142857142857	0	0	0	0	0.0357142857142857	0	0.0357142857142857	0	0.0357142857142857	0.0357142857142857	0	0	0	0	0.0357142857142857	0	0	0	0.0357142857142857	0.0357142857142857	0.0357142857142857	0	0	0.0357142857142857	0.0357142857142857	0	0.0357142857142857	0	0	0	0	0	0	0.0357142857142857	0	0.0357142857142857	0	0	0	0	0	0	0.0357142857142857	0.0357142857142857	0	0	0.0357142857142857	0	0.0357142857142857	0	0	0	0.0357142857142857	0	0.0357142857142857	0	0	0	0.0357142857142857	0	0.0357142857142857	0	0	0.0357142857142857	0	0	0	0	0	0	0.0357142857142857	0	0	0	0	0	0	0	0	0	0.0357142857142857	0.0357142857142857	0	0	0	0	0	0	0	0	0	0	0	0	0	0	0
0	0	0	0	0	0	0	0	0	0	0	0	0	0	0	0	0	0	0	0.032258064516129	0	0	0	0	0.032258064516129	0.032258064516129	0	0.032258064516129	0	0	0	0	0	0.032258064516129	0	0	0.032258064516129	0.032258064516129	0.032258064516129	0	0	0.032258064516129	0	0	0.032258064516129	0	0	0.032258064516129	0	0.032258064516129	0	0	0.032258064516129	0	0	0	0	0.032258064516129	0	0	0	0.032258064516129	0.032258064516129	0	0	0	0	0	0.032258064516129	0.032258064516129	0	0.032258064516129	0	0	0.032258064516129	0	0	0	0	0	0.032258064516129	0	0.032258064516129	0	0.032258064516129	0.032258064516129	0.032258064516129	0	0	0	0	0	0.032258064516129	0	0	0	0.032258064516129	0	0	0.032258064516129	0	0	0	0	0	0	0	0	0.032258064516129	0.032258064516129	0	0	0.032258064516129	0	0	0	0	0	0	0	0	0	0	0	0	0	0	0	0	0
0	0	0	0	0	0	0	0	0	0	0	0	0	0	0	0	0.0294117647058823	0.0294117647058823	0.0294117647058823	0	0.0294117647058823	0.0294117647058823	0	0	0.0294117647058823	0	0.0294117647058823	0	0	0	0.0294117647058823	0.0294117647058823	0	0	0	0	0	0	0.0294117647058823	0	0	0	0.0294117647058823	0	0.0294117647058823	0	0.0294117647058823	0	0	0	0.0294117647058823	0	0	0	0	0	0.0294117647058823	0.0294117647058823	0	0.0294117647058823	0.0294117647058823	0	0.0294117647058823	0	0.0294117647058823	0	0.0294117647058823	0	0	0	0	0.0294117647058823	0.0294117647058823	0.0294117647058823	0	0	0.0294117647058823	0	0	0.0294117647058823	0	0	0	0	0.0294117647058823	0	0	0.0294117647058823	0	0	0	0.0294117647058823	0.0294117647058823	0	0	0	0	0	0	0	0	0.0294117647058823	0	0	0	0	0	0	0.0294117647058823	0.0294117647058823	0	0	0	0.0294117647058823	0	0	0	0	0	0	0	0	0	0	0	0	0	0	0	0
0	0	0	0	0	0	0	0	0	0	0	0	0	0	0	0.0294117647058823	0	0.0294117647058823	0	0	0	0	0	0	0	0.0294117647058823	0	0	0.0294117647058823	0.0294117647058823	0	0	0	0.0294117647058823	0	0.0294117647058823	0	0	0.0294117647058823	0	0	0	0.0294117647058823	0.0294117647058823	0.0294117647058823	0.0294117647058823	0	0.0294117647058823	0.0294117647058823	0	0.0294117647058823	0	0	0	0	0	0.0294117647058823	0.0294117647058823	0	0.0294117647058823	0	0	0	0	0	0.0294117647058823	0	0	0.0294117647058823	0	0.0294117647058823	0	0	0	0	0	0	0.0294117647058823	0	0.0294117647058823	0	0.0294117647058823	0	0	0.0294117647058823	0	0	0.0294117647058823	0	0.0294117647058823	0	0	0	0	0	0	0	0.0294117647058823	0	0	0	0	0.0294117647058823	0.0294117647058823	0.0294117647058823	0.0294117647058823	0	0	0.0294117647058823	0	0	0	0	0	0.0294117647058823	0	0	0	0	0	0	0	0	0	0	0	0	0	0	0
0	0	0	0	0	0	0	0	0	0	0	0	0	0	0	0	0	0.0454545454545454	0	0	0.0454545454545454	0	0	0	0.0454545454545454	0	0	0	0	0	0	0	0	0	0	0.0454545454545454	0	0.0454545454545454	0	0	0.0454545454545454	0.0454545454545454	0	0.0454545454545454	0.0454545454545454	0	0.0454545454545454	0.0454545454545454	0	0	0	0	0	0.0454545454545454	0	0	0.0454545454545454	0	0	0	0	0	0	0	0.0454545454545454	0	0	0.0454545454545454	0	0	0	0.0454545454545454	0	0	0	0	0	0	0	0	0	0	0	0	0	0	0	0	0	0.0454545454545454	0	0	0	0	0	0	0.0454545454545454	0.0454545454545454	0.0454545454545454	0	0	0	0	0	0.0454545454545454	0	0	0	0.0454545454545454	0	0	0	0	0	0	0	0	0	0	0	0	0	0	0	0	0	0	0	0	0
0	0	0	0	0	0	0	0	0	0	0	0	0	0	0	0.0344827586206896	0	0.0344827586206896	0	0	0.0344827586206896	0	0	0	0.0344827586206896	0	0.0344827586206896	0	0	0.0344827586206896	0	0	0	0	0	0	0	0.0344827586206896	0.0344827586206896	0.0344827586206896	0	0.0344827586206896	0	0	0.0344827586206896	0	0.0344827586206896	0	0.0344827586206896	0	0	0	0	0	0	0	0	0.0344827586206896	0	0	0.0344827586206896	0.0344827586206896	0	0	0.0344827586206896	0	0	0.0344827586206896	0	0	0	0	0.0344827586206896	0	0.0344827586206896	0	0	0	0.0344827586206896	0	0.0344827586206896	0	0	0	0	0	0.0344827586206896	0	0	0	0.0344827586206896	0	0	0	0.0344827586206896	0	0	0	0	0	0	0	0	0	0	0	0.0344827586206896	0.0344827586206896	0	0	0.0344827586206896	0	0	0.0344827586206896	0	0	0	0	0	0	0	0	0	0	0	0	0	0	0	0
0	0	0	0	0	0	0	0	0	0	0	0	0	0	0	0	0	0	0	0	0	0	0	0.0294117647058823	0	0	0	0.0294117647058823	0	0	0.0294117647058823	0	0	0	0.0294117647058823	0.0294117647058823	0.0294117647058823	0	0.0294117647058823	0.0294117647058823	0	0	0	0.0294117647058823	0	0	0	0.0294117647058823	0.0294117647058823	0.0294117647058823	0	0.0294117647058823	0.0294117647058823	0	0.0294117647058823	0.0294117647058823	0	0.0294117647058823	0.0294117647058823	0	0	0	0.0294117647058823	0	0	0.0294117647058823	0	0.0294117647058823	0	0	0.0294117647058823	0	0	0	0	0	0	0	0.0294117647058823	0	0	0	0	0.0294117647058823	0	0	0	0	0	0.0294117647058823	0	0.0294117647058823	0	0	0	0	0	0	0.0294117647058823	0	0	0	0	0.0294117647058823	0	0.0294117647058823	0.0294117647058823	0.0294117647058823	0.0294117647058823	0.0294117647058823	0	0	0	0	0.0294117647058823	0	0	0	0	0	0	0	0	0	0	0	0	0	0	0
0	0	0	0	0	0	0	0	0	0	0	0	0	0	0	0.0277777777777778	0.0277777777777778	0.0277777777777778	0.0277777777777778	0	0	0	0	0.0277777777777778	0.0277777777777778	0	0	0	0.0277777777777778	0	0.0277777777777778	0	0	0	0	0	0	0	0	0	0.0277777777777778	0	0.0277777777777778	0	0	0.0277777777777778	0.0277777777777778	0.0277777777777778	0	0.0277777777777778	0.0277777777777778	0	0	0	0	0	0	0	0	0.0277777777777778	0	0	0	0.0277777777777778	0	0	0.0277777777777778	0	0	0.0277777777777778	0.0277777777777778	0	0	0.0277777777777778	0	0	0	0	0.0277777777777778	0	0	0.0277777777777778	0.0277777777777778	0.0277777777777778	0.0277777777777778	0.0277777777777778	0.0277777777777778	0	0	0.0277777777777778	0	0	0	0	0	0.0277777777777778	0	0.0277777777777778	0	0	0	0.0277777777777778	0.0277777777777778	0	0	0.0277777777777778	0	0	0.0277777777777778	0	0	0	0.0277777777777778	0	0	0	0	0	0	0	0	0	0	0	0	0	0	0	0	0
0	0	0	0	0	0	0	0	0	0	0	0	0	0	0	0	0	0	0	0.03125	0	0	0	0	0.03125	0	0.03125	0	0.03125	0	0	0	0	0.03125	0	0	0.03125	0	0	0	0	0	0	0	0	0.03125	0	0	0	0	0	0	0	0.03125	0	0	0.03125	0	0.03125	0	0	0	0	0	0.03125	0.03125	0.03125	0	0	0	0	0.03125	0	0	0	0.03125	0	0.03125	0.03125	0.03125	0	0.03125	0.03125	0	0	0	0	0.03125	0.03125	0.03125	0	0.03125	0	0	0.03125	0	0	0	0	0	0	0	0	0.03125	0	0.03125	0.03125	0.03125	0.03125	0	0	0	0.03125	0	0.03125	0	0	0	0	0	0	0	0	0	0	0	0	0	0	0
0	0	0	0	0	0	0	0	0	0	0	0	0	0	0	0	0	0	0.027027027027027	0	0.027027027027027	0	0.027027027027027	0.027027027027027	0	0	0.027027027027027	0	0.027027027027027	0	0.027027027027027	0	0	0	0.027027027027027	0	0.027027027027027	0.027027027027027	0.027027027027027	0	0	0	0	0.027027027027027	0	0	0	0.027027027027027	0	0.027027027027027	0	0	0.027027027027027	0	0	0	0	0.027027027027027	0	0	0	0	0	0.027027027027027	0	0.027027027027027	0	0.027027027027027	0.027027027027027	0.027027027027027	0.027027027027027	0	0	0.027027027027027	0	0.027027027027027	0.027027027027027	0	0	0.027027027027027	0	0	0	0	0	0	0	0	0.027027027027027	0	0.027027027027027	0	0.027027027027027	0.027027027027027	0	0	0.027027027027027	0	0	0	0	0	0	0	0.027027027027027	0.027027027027027	0.027027027027027	0	0.027027027027027	0	0	0.027027027027027	0	0	0.027027027027027	0	0	0	0	0	0	0	0	0	0	0	0	0	0	0
0	0	0	0	0	0	0	0	0	0	0	0	0	0	0	0	0	0.0285714285714286	0	0	0	0.0285714285714286	0	0	0.0285714285714286	0	0	0	0	0	0.0285714285714286	0	0	0.0285714285714286	0	0.0285714285714286	0.0285714285714286	0	0.0285714285714286	0	0	0	0.0285714285714286	0.0285714285714286	0.0285714285714286	0	0	0	0.0285714285714286	0	0	0	0	0	0	0.0285714285714286	0	0	0	0	0	0.0285714285714286	0.0285714285714286	0.0285714285714286	0.0285714285714286	0.0285714285714286	0.0285714285714286	0.0285714285714286	0.0285714285714286	0.0285714285714286	0.0285714285714286	0	0	0	0	0	0	0.0285714285714286	0	0.0285714285714286	0	0.0285714285714286	0	0	0	0	0.0285714285714286	0	0.0285714285714286	0.0285714285714286	0.0285714285714286	0	0.0285714285714286	0	0	0.0285714285714286	0	0	0	0	0	0	0	0.0285714285714286	0	0	0	0.0285714285714286	0	0	0	0	0	0.0285714285714286	0	0	0	0	0	0	0	0	0	0	0	0	0	0	0	0
0	0	0	0	0	0	0	0	0	0	0	0	0	0	0	0	0.0333333333333333	0	0	0	0.0333333333333333	0	0.0333333333333333	0.0333333333333333	0	0	0.0333333333333333	0.0333333333333333	0	0	0	0	0	0	0	0	0	0	0	0	0	0	0	0	0	0	0	0	0	0.0333333333333333	0	0	0	0	0	0.0333333333333333	0.0333333333333333	0.0333333333333333	0	0.0333333333333333	0	0	0	0.0333333333333333	0.0333333333333333	0.0333333333333333	0	0	0	0	0.0333333333333333	0	0	0.0333333333333333	0	0.0333333333333333	0	0	0.0333333333333333	0	0	0.0333333333333333	0	0	0.0333333333333333	0	0	0.0333333333333333	0.0333333333333333	0	0.0333333333333333	0	0	0	0	0	0	0.0333333333333333	0	0	0.0333333333333333	0	0.0333333333333333	0	0.0333333333333333	0	0	0.0333333333333333	0	0	0.0333333333333333	0	0	0	0.0333333333333333	0	0	0	0	0	0	0	0	0	0	0	0	0	0	0
0	0	0	0	0	0	0	0	0	0	0	0	0	0	0	0	0	0	0	0	0	0.0285714285714286	0	0	0	0	0.0285714285714286	0	0	0	0.0285714285714286	0	0	0.0285714285714286	0.0285714285714286	0	0	0.0285714285714286	0	0.0285714285714286	0	0	0.0285714285714286	0.0285714285714286	0.0285714285714286	0	0	0	0	0.0285714285714286	0	0	0.0285714285714286	0.0285714285714286	0.0285714285714286	0.0285714285714286	0	0.0285714285714286	0	0	0.0285714285714286	0.0285714285714286	0	0	0	0	0	0.0285714285714286	0	0	0.0285714285714286	0.0285714285714286	0.0285714285714286	0.0285714285714286	0	0.0285714285714286	0	0	0	0	0.0285714285714286	0.0285714285714286	0	0	0.0285714285714286	0	0	0.0285714285714286	0	0	0	0	0	0	0	0	0	0	0	0	0	0	0	0.0285714285714286	0.0285714285714286	0	0.0285714285714286	0.0285714285714286	0	0.0285714285714286	0.0285714285714286	0	0.0285714285714286	0	0	0	0	0	0	0	0	0	0	0	0	0	0	0	0	0
0	0	0	0	0	0	0	0	0	0	0	0	0	0	0	0.03125	0.03125	0.03125	0	0	0	0	0	0.03125	0	0.03125	0	0	0	0	0	0	0.03125	0	0	0	0	0	0	0	0.03125	0	0.03125	0	0	0.03125	0	0.03125	0	0.03125	0	0	0.03125	0	0.03125	0	0.03125	0.03125	0	0	0.03125	0	0.03125	0	0.03125	0	0	0	0	0.03125	0	0	0	0	0	0	0.03125	0	0	0.03125	0	0	0.03125	0	0.03125	0	0	0.03125	0	0	0	0	0.03125	0.03125	0	0	0	0	0.03125	0	0	0	0	0.03125	0	0.03125	0	0.03125	0	0	0.03125	0	0	0.03125	0	0	0	0	0	0	0	0	0	0	0	0	0	0	0	0
0	0	0	0	0	0	0	0	0	0	0	0	0	0	0	0	0	0	0	0	0	0	0	0	0	0	0	0	0	0	0	0	0	0	0	0	0	0	0	0	0	0	0	0	0	0	0	0	0	0	0	0	0	0	0	0	0	0	0	0	0	0	0	0	0	0	0	0	0	0	0	0	0	0	0	0	0	0	0	0	0	0	0	0	0	0	0	0	0	0	0	0	0	0	0	0	0	0	0	0	0	0	0	0	0	0	0	0	0	0	0	0	0	0	0	0	0	0	0	0.333333333333333	0	0.333333333333333	0	0	0.333333333333333	0	0	0	0	0
0	0	0	0	0	0	0	0	0	0	0	0	0	0	0	0	0	0	0	0	0	0	0	0	0	0	0	0	0	0	0	0	0	0	0	0	0	0	0	0	0	0	0	0	0	0	0	0	0	0	0	0	0	0	0	0	0	0	0	0	0	0	0	0	0	0	0	0	0	0	0	0	0	0	0	0	0	0	0	0	0	0	0	0	0	0	0	0	0	0	0	0	0	0	0	0	0	0	0	0	0	0	0	0	0	0	0	0	0	0	0	0	0	0	0	0	0	0.2	0	0	0.2	0	0	0	0.2	0.2	0	0	0	0.2
0	0	0	0	0	0	0	0	0	0	0	0	0	0	0	0	0	0	0	0	0	0	0	0	0	0	0	0	0	0	0	0	0	0	0	0	0	0	0	0	0	0	0	0	0	0	0	0	0	0	0	0	0	0	0	0	0	0	0	0	0	0	0	0	0	0	0	0	0	0	0	0	0	0	0	0	0	0	0	0	0	0	0	0	0	0	0	0	0	0	0	0	0	0	0	0	0	0	0	0	0	0	0	0	0	0	0	0	0	0	0	0	0	0	0	0.2	0	0	0.2	0.2	0.2	0	0	0	0	0	0.2	0	0	0
0	0	0	0	0	0	0	0	0	0	0	0	0	0	0	0	0	0	0	0	0	0	0	0	0	0	0	0	0	0	0	0	0	0	0	0	0	0	0	0	0	0	0	0	0	0	0	0	0	0	0	0	0	0	0	0	0	0	0	0	0	0	0	0	0	0	0	0	0	0	0	0	0	0	0	0	0	0	0	0	0	0	0	0	0	0	0	0	0	0	0	0	0	0	0	0	0	0	0	0	0	0	0	0	0	0	0	0	0	0	0	0	0	0	0	0.25	0.25	0	0.25	0	0	0	0	0.25	0	0	0	0	0	0
0	0	0	0	0	0	0	0	0	0	0	0	0	0	0	0	0	0	0	0	0	0	0	0	0	0	0	0	0	0	0	0	0	0	0	0	0	0	0	0	0	0	0	0	0	0	0	0	0	0	0	0	0	0	0	0	0	0	0	0	0	0	0	0	0	0	0	0	0	0	0	0	0	0	0	0	0	0	0	0	0	0	0	0	0	0	0	0	0	0	0	0	0	0	0	0	0	0	0	0	0	0	0	0	0	0	0	0	0	0	0	0	0	0	0	0	0	0.25	0	0	0.25	0	0	0	0	0.25	0.25	0	0	0
0	0	0	0	0	0	0	0	0	0	0	0	0	0	0	0	0	0	0	0	0	0	0	0	0	0	0	0	0	0	0	0	0	0	0	0	0	0	0	0	0	0	0	0	0	0	0	0	0	0	0	0	0	0	0	0	0	0	0	0	0	0	0	0	0	0	0	0	0	0	0	0	0	0	0	0	0	0	0	0	0	0	0	0	0	0	0	0	0	0	0	0	0	0	0	0	0	0	0	0	0	0	0	0	0	0	0	0	0	0	0	0	0	0	0	0.333333333333333	0	0	0	0	0	0	0	0	0	0.333333333333333	0	0	0.333333333333333	0
0	0	0	0	0	0	0	0	0	0	0	0	0	0	0	0	0	0	0	0	0	0	0	0	0	0	0	0	0	0	0	0	0	0	0	0	0	0	0	0	0	0	0	0	0	0	0	0	0	0	0	0	0	0	0	0	0	0	0	0	0	0	0	0	0	0	0	0	0	0	0	0	0	0	0	0	0	0	0	0	0	0	0	0	0	0	0	0	0	0	0	0	0	0	0	0	0	0	0	0	0	0	0	0	0	0	0	0	0	0	0	0	0	0	0	0	0	0	0	0	0	0.5	0	0	0	0	0	0	0.5	0
0	0	0	0	0	0	0	0	0	0	0	0	0	0	0	0	0	0	0	0	0	0	0	0	0	0	0	0	0	0	0	0	0	0	0	0	0	0	0	0	0	0	0	0	0	0	0	0	0	0	0	0	0	0	0	0	0	0	0	0	0	0	0	0	0	0	0	0	0	0	0	0	0	0	0	0	0	0	0	0	0	0	0	0	0	0	0	0	0	0	0	0	0	0	0	0	0	0	0	0	0	0	0	0	0	0	0	0	0	0	0	0	0	0	0	0	0.2	0	0.2	0	0	0	0	0.2	0.2	0	0	0	0.2	0
0	0	0	0	0	0	0	0	0	0	0	0	0	0	0	0	0	0	0	0	0	0	0	0	0	0	0	0	0	0	0	0	0	0	0	0	0	0	0	0	0	0	0	0	0	0	0	0	0	0	0	0	0	0	0	0	0	0	0	0	0	0	0	0	0	0	0	0	0	0	0	0	0	0	0	0	0	0	0	0	0	0	0	0	0	0	0	0	0	0	0	0	0	0	0	0	0	0	0	0	0	0	0	0	0	0	0	0	0	0	0	0	0	0	0	0	0	0	0.142857142857143	0.142857142857143	0.142857142857143	0	0.142857142857143	0.142857142857143	0	0	0.142857142857143	0	0	0.142857142857143
0	0	0	0	0	0	0	0	0	0	0	0	0	0	0	0	0	0	0	0	0	0	0	0	0	0	0	0	0	0	0	0	0	0	0	0	0	0	0	0	0	0	0	0	0	0	0	0	0	0	0	0	0	0	0	0	0	0	0	0	0	0	0	0	0	0	0	0	0	0	0	0	0	0	0	0	0	0	0	0	0	0	0	0	0	0	0	0	0	0	0	0	0	0	0	0	0	0	0	0	0	0	0	0	0	0	0	0	0	0	0	0	0	0	0	0	0	0.25	0	0	0	0	0.25	0	0	0	0	0.25	0	0.25
0	0	0	0	0	0	0	0	0	0	0	0	0	0	0	0	0	0	0	0	0	0	0	0	0	0	0	0	0	0	0	0	0	0	0	0	0	0	0	0	0	0	0	0	0	0	0	0	0	0	0	0	0	0	0	0	0	0	0	0	0	0	0	0	0	0	0	0	0	0	0	0	0	0	0	0	0	0	0	0	0	0	0	0	0	0	0	0	0	0	0	0	0	0	0	0	0	0	0	0	0	0	0	0	0	0	0	0	0	0	0	0	0	0	0	0	0	0	0	0	0	0	0	0	0	0	0	0	0.5	0.5
0	0	0	0	0	0	0	0	0	0	0	0	0	0	0	0	0	0	0	0	0	0	0	0	0	0	0	0	0	0	0	0	0	0	0	0	0	0	0	0	0	0	0	0	0	0	0	0	0	0	0	0	0	0	0	0	0	0	0	0	0	0	0	0	0	0	0	0	0	0	0	0	0	0	0	0	0	0	0	0	0	0	0	0	0	0	0	0	0	0	0	0	0	0	0	0	0	0	0	0	0	0	0	0	0	0	0	0	0	0	0	0	0	0	0	0.166666666666667	0	0	0	0	0.166666666666667	0	0	0.166666666666667	0.166666666666667	0.166666666666667	0	0	0	0.166666666666667
0	0	0	0	0	0	0	0	0	0	0	0	0	0	0	0	0	0	0	0	0	0	0	0	0	0	0	0	0	0	0	0	0	0	0	0	0	0	0	0	0	0	0	0	0	0	0	0	0	0	0	0	0	0	0	0	0	0	0	0	0	0	0	0	0	0	0	0	0	0	0	0	0	0	0	0	0	0	0	0	0	0	0	0	0	0	0	0	0	0	0	0	0	0	0	0	0	0	0	0	0	0	0	0	0	0	0	0	0	0	0	0	0	0	0	0	0	0.166666666666667	0	0.166666666666667	0.166666666666667	0.166666666666667	0	0.166666666666667	0	0	0	0.166666666666667	0	0
0	0	0	0	0	0	0	0	0	0	0	0	0	0	0	0	0	0	0	0	0	0	0	0	0	0	0	0	0	0	0	0	0	0	0	0	0	0	0	0	0	0	0	0	0	0	0	0	0	0	0	0	0	0	0	0	0	0	0	0	0	0	0	0	0	0	0	0	0	0	0	0	0	0	0	0	0	0	0	0	0	0	0	0	0	0	0	0	0	0	0	0	0	0	0	0	0	0	0	0	0	0	0	0	0	0	0	0	0	0	0	0	0	0	0	0.25	0	0	0	0.25	0	0	0	0	0	0.25	0	0.25	0	0
0	0	0	0	0	0	0	0	0	0	0	0	0	0	0	0	0	0	0	0	0	0	0	0	0	0	0	0	0	0	0	0	0	0	0	0	0	0	0	0	0	0	0	0	0	0	0	0	0	0	0	0	0	0	0	0	0	0	0	0	0	0	0	0	0	0	0	0	0	0	0	0	0	0	0	0	0	0	0	0	0	0	0	0	0	0	0	0	0	0	0	0	0	0	0	0	0	0	0	0	0	0	0	0	0	0	0	0	0	0	0	0	0	0	0	0	0	0	0.333333333333333	0	0.333333333333333	0	0	0	0	0	0	0	0	0.333333333333333
