0.524975936298963
0.583983357136816
0.220331976078053
0.682590509668316
0.334189253362118
0.689491496508653
0.975102570517628
0.705726991793622
0.598974532001728
0.171305479742311
0.843018827737015
0.489995404897724
0.25960220826958
0.204022886409653
0.917277495024935
0.774074961737485
0.800915104611024
0.128680402905222
0.333402803444764
0.339104072473874
0.225612881825131
0.996585078823031
0.227623356013142
0.27220764208857
0.34841633541967
0.367317630150196
0.54079105252073
0.548786570779753
0.10647812383981
0.485379424574296
0.375208518861917
0.534326013259608
0.761977818449384
0.570820003092864
0.16199184789795
0.196510368459061
0.0302665803560598
0.491185386220052
0.117039862232942
0.553656304381721
0.369068077944954
0.413778294510615
0.305373616426616
0.369684662504085
0.291670906840082
0.873625081067713
0.643063298353313
0.751287056903377
0.818723248616232
0.810038169759047
0.389798153667073
0.0442303511914472
0.024134464525961
0.87186095553639
0.905989934227215
0.316896227091562
0.760938052935456
0.648907484839841
0.822986745569915
0.851519485446275
0.277278679936295
0.11449827088327
0.609326524742412
0.156184624600625
0.0532784887857588
0.375522301648344
0.935777922142201
0.203307969895563
0.429631928011742
0.503425231306037
0.200289225369143
0.627553818988127
0.0187229103865238
0.817839371850257
0.337779646634041
0.177137333236667
0.272767071878542
0.677832264226535
0.447600351037288
0.897211673334343
0.283714958930494
0.558034734574297
0.297855294568834
0.94504006945949
0.756299688942697
0.576059238853572
0.435998059941183
0.810099402435661
0.621821028796426
0.361699520402877
0.0585825355882117
0.748760651146909
0.999047171185347
0.584281664027842
0.204529586250793
0.766572010679577
0.993959974850492
0.324618853214317
0.740609159871188
0.751312093550913
0.735220511591183
0.674496558242576
0.990286720192662
0.439901836696015
0.704009144453793
0.869286068417247
0.0641882934195079
0.186275695663936
0.00555700211636823
0.865113746539616
