0.615703659704646
0.28515125287901
0.122657277444487
0.478810290624671
0.503381610314688
0.227245694332534
0.579748901502247
0.260994433719293
0.0522782020893025
0.2809045146373
0.765973892396846
0.366780095072495
0.171989042745378
0.496410532166101
0.637717877827568
0.338613213030266
0.997421899328613
0.883539372033677
0.945504260513657
0.95138952154987
0.0231158590603141
0.462259987060059
0.708772832288369
0.88246077446356
0.127627559381811
0.332788955793047
0.285173393484361
0.228669325303101
0.555531502384699
0.469818263914498
0.264562268277554
0.935517230286473
0.968884847802847
0.215723248689056
0.161925951121458
0.456089552583958
0.254821293747628
0.265933013737116
0.99079683463931
0.559070156740513
0.847806831860116
0.325935974087468
0.235387628700322
0.726507780003104
0.137710229886668
0.589025059361039
0.685356071553317
0.940638213455615
0.790944105758344
0.146228423129259
0.758809987006778
0.407433421284139
0.362170299405105
0.899354195019909
0.457343746643466
0.166898642596953
0.344455816105449
0.0503950051215807
0.0935862361707546
0.163680811733735
0.631816879922791
0.743317245094253
0.779221486008112
0.520808340541295
0.0224216553593427
0.59949400163807
0.338166671929452
0.784383499326736
0.895872572123541
0.425906461764004
0.998145018625863
0.830768500242858
0.628841616563554
0.787792688503036
0.982830137899636
0.179322062931646
0.433294967398809
0.415756095196901
0.963919524377757
0.10755058310539
0.811262180892124
0.459526068679929
0.625618053760962
0.787195262017898
0.924701883397885
0.927780498892188
0.990067948312003
0.920339002090119
0.431128040343009
0.777670869141569
0.419223307343549
0.663852720174176
0.195440062728681
0.173631587671048
0.95645627927181
0.98503661427912
0.941377831586811
0.301473269860095
0.926621426058638
0.530584144645073
0.860270701350683
0.272944937506806
0.942576963212415
0.519914918300703
0.48150936678272
0.269316257549157
0.623716582189106
0.955392858764137
0.437746649836257
0.872422935666695
0.701409720667161
0.477282358138082
0.389399557687937
0.392550034645063
0.166657984176829
0.38507676585315
0.24487522633581
0.810566230926288
0.31718098877377
0.561341568674649
0.29274376587569
0.80603104852532
0.184547801369252
0.0209392167635385
0.381052303021281
0.128474721701145
0.0256615010239026
0.422075057458459
0.852404484492297
0.177466720765212
