0.830685779268586
0.285844680067376
0.0149996294804013
0.576058892371607
0.0575629194518322
0.604476224229423
0.617179182811991
0.782737024853039
0.545023167523339
0.474010081073607
0.331729999398331
0.280469421151914
0.850352085002495
0.211333274783557
0.135189811804505
0.562783292599053
0.686946990357073
0.362639014846416
0.686936558049091
0.344585241023004
0.829148660774525
0.660914200060088
0.355322529542403
0.0816162298178118
0.600665351454654
0.897199399142434
0.952959239802416
0.430939732506755
0.921719191323479
0.560228446556771
0.935427686050243
0.000508204452216998
0.432380710922397
0.605211454454326
0.790169017675935
0.97333243203265
0.846882337789663
0.997724003285924
0.647301216391758
0.156464760267707
0.0277440948859499
0.947399134884514
0.104189582579004
0.561135739253209
0.765313093826704
0.539687454657744
0.471947978239011
0.707575397365001
0.275273783711539
0.469842010090216
0.864515867815113
0.588336376170649
0.986713289779631
0.940638411082042
0.947232594468487
0.567017291253619
0.0122275452223796
0.31211501087918
0.872768631213846
0.167150374340801
0.86437670377476
0.660764356692958
0.109226274064531
0.973788464173367
0.204362554513446
0.542772440489492
0.0190765050088763
0.578719166066267
0.435794302578825
0.191784112693687
0.93050927911933
0.807666842859066
0.667445870815759
0.300987162618447
0.0569251164096113
0.0701747477463216
0.671961077621374
0.545198995104162
0.485004651827084
0.564285071777879
0.808798362938714
0.795490492498357
0.11220490767994
0.501066628485101
0.0697660361351136
0.866924874036808
0.878779640570828
0.891177613600412
0.637009860901617
0.700832982745373
0.397580330150159
0.779998813879357
0.279028416659481
0.126770964107242
0.859886119784654
0.989543568820403
0.654266667872501
0.0500490066912694
0.828396934600915
0.9196760501017
0.08572910648579
0.926235576434624
0.887859384858066
0.24266576533805
0.399818636289916
0.104260861590668
0.956326014801863
0.174879466236584
0.509173850686049
0.422923757711928
0.634417952904824
0.546821930268613
0.129093816043745
0.495182746042336
0.500361563170598
0.427523858247871
0.603744703754172
0.0876082565828104
0.215408278871914
0.362351405079685
0.230179297279305
0.140239921558653
0.717897814195953
0.284025707104648
0.567361995538358
0.101462595168632
0.945900155189324
0.364856260707195
0.635069612477874
0.965922475410988
