0.0596188675796392
0.681971904149063
0.0424311375007417
0.0714454646006424
0.521649842464284
0.096730025780867
0.818148553859625
0.817547092079286
0.722439592366842
0.149865442477967
0.659605252908307
0.518594942510538
0.972974554763863
0.648991492712356
0.800330575352401
0.453797708726919
0.432391503783462
0.825313795402046
0.083469814858914
0.133171007607162
0.173388613119006
0.390937802323736
0.83137974283907
0.80336439160244
0.0604711791698936
0.399257770613576
0.526875830508296
0.416799467930787
0.656859890973707
0.627973359190104
0.291984079961715
0.43165117024872
0.015487125636019
0.984063724379154
0.167168409914656
0.106216344928664
0.372409740055537
0.198118402542975
0.489687638016024
0.339493413390758
0.951630464777727
0.920332039836564
0.0526769976807926
0.737858095516997
0.269119426398556
0.422835615008808
0.547870901214845
0.942736984276934
0.417744104316662
0.983052466469856
0.301454948712065
0.701098755900926
0.666338851584426
0.539126465042857
0.698105520180308
0.666527913402587
0.178132454400338
0.128014399720173
0.999080394761361
0.171121066356432
0.032600820530528
0.56119979270966
0.88186650045181
0.669175304534394
0.190433267179954
0.368916546063895
0.460725937260412
0.98163795097075
0.156404952226563
0.855522805845911
0.644764536870088
0.376272210278832
0.190923695236303
0.428252992979386
0.482022061031856
0.120611613297162
0.589507484695059
0.226187679752676
0.384619124369411
0.582986382747674
0.251806122472313
0.290440664276979
0.617090884393223
0.265280909810029
0.824376266688835
0.98266339972195
0.730248792267598
0.343877004114983
0.584069333278452
0.107769015243743
0.906308150649733
0.879653724481905
0.817760559370642
0.260727999055465
0.594356250664331
0.0225125927402318
0.425259320214135
0.312718886820616
0.16148474431175
0.178766186752368
