0.644318130193692
0.378609382660268
0.811580458282477
0.532825588799455
0.350727103576883
0.939001561999887
0.875942811492984
0.550156342898422
0.622475086001227
0.587044704531417
0.207742292733028
0.301246330279491
0.470923348517591
0.230488160211558
0.844308792695389
0.194764289567049
0.225921780972399
0.170708047147859
0.227664297816554
0.435698684103899
0.311102286650413
0.923379642103244
0.430207391329584
0.184816320124136
0.904880968679893
0.979748378356085
0.438869973126103
0.111119223440599
0.258064695912067
0.408719846112552
0.594896074008614
0.262211747780845
0.602843089382083
0.711215780433683
0.22174673401724
0.117417650855806
0.296675873218327
0.318778301925882
0.424166759713807
0.507858284661118
0.085515797090044
0.262482234698333
0.801014622769739
0.0292202775621463
0.928854139478045
0.730330862855453
0.488608973803579
0.578525061023439
0.237283579771521
0.458848828179931
0.963088539286913
0.546805718738968
0.521135830804001
0.231594386708524
0.488897743920167
0.62406008817369
0.679135540865748
0.395515215668593
0.367436648544477
0.987982003161633
0.0377388662395521
0.885168008202475
0.913286827639239
0.796183873585212
0.0987122786555743
0.261871183870716
0.335356839962797
0.679727951377338
0.13655313735537
0.72122749858174
0.106761861607241
0.65375734866856
0.49417393663927
0.779051723231275
0.715037078400694
0.903720560556316
0.890922504330789
0.334163052737496
0.698745832334794
0.197809826685929
0.0305409463046367
0.744074260367462
0.500022435590201
0.47992214114606
0.904722238067363
0.609866648422558
0.617666389588455
0.859442305646212
0.805489424529686
0.576721515614685
0.182922469414914
0.239932010568717
0.886511933076101
0.0286741524641061
0.489901388512224
0.167927145682257
0.978680649641159
0.712694471678914
0.500471624154843
0.471088374541939
