0.823172279483205
0.0939854193486277
0.979797721442637
0.653220746976476
0.284114301258602
0.867232798681723
0.0301398455804008
0.760938377788029
0.896176970225063
0.618874649449497
0.720745500458894
0.463850005809108
0.758886423634387
0.00714197495850233
0.193485853582188
0.0914517743944392
0.167932589381953
0.942248112969339
0.84943222175199
0.13728307287999
0.660725417770123
0.0384896892325469
0.14816305935392
0.184764102296017
0.645361939256566
0.856553283205376
0.853375704153819
0.494038071987485
0.780877447257763
0.274653814871974
0.96737974195428
0.990529334302469
0.0844490485070604
0.329793416868381
0.268298765895231
0.215922817165247
0.767021757886534
0.365054440466852
0.154017276232375
0.165021996898072
0.893363970022434
0.945789807188418
0.517467386897568
0.0183733967109805
0.419305823607178
0.122085149179939
0.951847854754233
0.270180347872545
0.893653230674012
0.895191697751348
0.775532080849597
0.908820927880488
0.0166803775926252
0.959288723057054
0.0752526336204783
0.285133462638043
0.488117136617045
0.970571734826081
0.568113287842601
0.273970340414811
0.1290833606079
0.155192060803672
0.268811830307459
0.433889439762103
0.395903461208209
0.425246491332236
0.614389269174566
0.446805397974927
0.0120233375739399
0.0342708948659173
0.398770447090456
0.979450081266238
0.542768911276629
0.912387045873848
0.324159020475475
0.290516522346404
0.878973846599332
0.779144192111784
0.394412107425938
0.882325966968808
0.425668474518982
0.46637798245207
0.424931183524876
0.455210042041102
0.695424557384927
0.0955782281253956
0.733460316740176
0.130017518881015
0.496528714068463
0.259658484595181
0.591666675318971
0.227618177760208
0.955117711267026
0.0630095013700224
0.183247159943892
0.624241987240634
0.291405775713711
0.137187421974728
0.188933463031362
0.956617051122946
